ID;Überschrift;Kurztext;Text;Linien;Startdatum;Enddatum;Quelle;Anhänge;Links;Bild;Kategorien;Nachrichtentypen;Zeitstempel;Betroffene Haltestellen;Aktualisierungszeit
43167a63-b57f-43ca-bd98-e3b2bb9652b0;Marbach <> Backnang: Stündlicher S4-Pendelverkehr von 5 bis 10 Uhr und 13 bis 19 Uhr. Zusätzlich Ersatzverkehr mit Bussen.;"Die Deutsche Bahn hat die ""kleine Murrbahn"" nach Unwetterschäden mit umfangreichen Reparatur- und Präventionsmaßnahmen instandgesetzt.";"<p><strong>Seit Sonntag, 15. Dezember verkehrt die Linie S4 zwischen 5 und 10 Uhr sowie von 13 bis 19 Uhr</strong> <strong>stündlich zwischen Marbach und Backnang. </strong>Maßgeblich für den Stundentakt ist, dass vorübergehend alle Züge noch mit deutlich verminderter Geschwindigkeit fahren müssen und sich dadurch in beide Richtungen <strong>etwa um acht Minuten längere Fahrzeiten </strong>ergeben. Damit sich vom Zugbetrieb auf der eingleisigen Strecke keine Verzögerungen in das S-Bahn-Netz übertragen, fahren die <strong>S4-Züge zwischen Marbach und Backnang bis auf Weiteres im Pendelverkehr</strong>.</p><h1><strong>Der S4-Pendel fährt jeweils zur Minute .13 in Marbach ab und kommt zur Minute .34 in Backnang an. In der Gegenrichtung startet der S4-Pendel jeweils zur Minute .43 in Backnang und erreicht zur Minute .04 Marbach. </strong></h1><p><strong>In Marbach besteht jeweils Anschluss von und nach Stuttgart Schwabstraße.</strong> Die S-Bahnen der S4 zwischen Marbach und Stuttgart Schwabstraße fahren von montags bis samstags tagsüber durchgängig im 15-Minuten-Takt, darüber hinaus im Halbstundentakt.&nbsp;</p><h1><strong>Zusätzlich Ersatzverkehr mit Bussen&nbsp;</strong></h1><p>Damit wie üblich stündlich zwei Fahrten zwischen Marbach und Backnang angeboten werden, setzt die <strong>DB zusätzlich weiterhin Busse der Linie S4E</strong> ein.</p><p><strong>Während der Betriebszeiten des S4-Pendels</strong> fahren die Busse zur Minute .48 in Marbach und zur Minute .13 in Backnang ab.</p><p><strong>Außerhalb der Angebotszeiten des S4-Pendels</strong> fahren die Busse in Marbach zu den Minuten .18 und .48 ab. Die Busse starten dann zu den Minuten .13 und .43 in Backnang. In Erdmannhausen liegt die Haltestelle für den Ersatzverkehr auch weiterhin im Ort.&nbsp;(Erdmannhausen, Bahnhofstraße und Erdmannhausen, Rathaus).</p><p>Die Busse (S4E) halten an folgenden Haltestellen:</p><ul><li>Marbach(N), Bahnhof</li><li>Erdmannhausen, Bahnhofstraße</li><li>Erdmannhausen, Rathaus</li><li>Kirchberg (M), Marbacher Str.</li><li>Kirchberg (M), Rathaus</li><li>Burgstall (M), Bahnhof</li><li>Erbstetten-Ortsmitte</li><li>Backnang, ZOB</li></ul><p>Bitte informieren Sie sich vor Fahrtantritt und planen die längere Fahrzeit der Busse mit ein.</p>";S 4;2024-06-26T19:35:00;2025-06-14T23:59:00;RisDisruptions;"Fahrplan Ersatzverkehr S4E Marbach - Backnang ab 11.01.25.pdf; Fahrgastinformation_S4.pdf";"Informationen zu den Abfahrtshaltestellen des Ersatzverkehrs; Betriebslage; weitere Informationen";https://assets-ri.extranet.deutschebahn.com/regio_sbahn_stuttgart/2025-01-21/cfbafa6d-7c0d-4e5a-85c9-1f2d5cc8514areisendenkarte_20241219-151330.png;;2;2025-01-28T03:53:27.109314;8003853, 8000873, 8001827;2025-01-28T04:57:59.761545
16d52ea7-9481-4ff7-a982-b26bd07fb9b2;Bad Cannstatt <> Waiblingen: Zugausfälle und Ersatzverkehr mit Bussen in den Abend- und Nachtstunden;In Zusammenhang mit Arbeiten zum Digitalen Knoten Stuttgart muss der Streckenabschnitt zwischen Bad Cannstatt und Fellbach noch bis Montag, 03.02.25 jeweils Mo - So im Zeitraum von 21:00 Uhr bis 05:00 Uhr für den gesamten Zugverkehr gesperrt werden.;"<ul><li><strong>S2 verkehrt nur zwischen Schorndorf und Waiblingen</strong></li><li><strong>S3 verkehrt nur zwischen Backnang und Waiblingen</strong></li><li>Zwischen<strong> Waiblingen, Dammstraße</strong>&nbsp;und <strong>Stuttgart Hbf, Arnulf-Klett-Platz </strong>sowie zwischen&nbsp;<strong>Nürnberger Straße und Sommerrain</strong>&nbsp;verkehrt ein&nbsp;<strong>Ersatzverkehr mit Bussen&nbsp;</strong>in unterschiedlichen Taktzeiten.</li></ul><p>Bitte beachten Sie: Aufgrund von Bauarbeiten kommt es von 25.01. bis 07.02. auf den Linien S2 und S3 zu weiteren Einschränkungen zwischen Stuttgart-Vaihingen und Filderstadt.</p><p>Bitte berücksichtigen Sie diese Abweichungen bei Ihrer Reiseplanung und informieren Sie sich vorab über Ihre Reiseverbindungen. Um keine kurzfristigen Änderungen zu verpassen, informieren Sie sich bitte auch unmittelbar vor Fahrtantritt in den digitalen Reiseauskunftsmedien unter&nbsp;bahn.de&nbsp;oder in der App DB Navigator.</p>";S 2, S 3;2025-01-08T21:00:00;2025-02-03T05:00:00;RisDisruptions;"Fahrplan Ersatzverkehr S2E Waiblingen - Stuttgart Hbf.pdf; Fahrplan Ersatzverkehr S3E Nürnberger Straße - Sommerrain.pdf";weitere Informationen;https://assets-ri.extranet.deutschebahn.com/regio_sbahn_stuttgart/2025-01-27/9f9be829-5f8d-4e11-95a1-c915d2458683reisendenkarte_20241219-095346.png;isInTimeInterval;2;2025-01-28T03:53:27.109314;8005769, 8005774, 8004357, 8001974, 8000180, 8098096;2025-01-28T04:57:59.761603
f90db15e-6e1d-4342-91a2-20dde771a45b;Marbach/Bietigheim/Zuffenhausen <-> Stuttgart-Schwabstraße: Zug- und Haltausfälle;Von 11. Januar bis 8. Februar 2025 finden jeweils samstags von 6.00 Uhr bis 18.00 Uhr Oberleitungsarbeiten zwischen Kornwestheim und Pragtunnel statt.;"<ul><li>Die Linien S4 und S5 verkehren tagsüber nur im 30-Minutentakt.</li><li>Die Linien S4 und S5 verkehren in Richtung Stuttgart-Schwabstraße ohne Halt in Feuerbach.</li><li>Die Linie S6/S60 verkehrt in beiden Richtungen nur zwischen Weil der Stadt und Zuffenhausen.</li></ul><p>Bitte berücksichtigen Sie diese Abweichungen bei Ihrer Reiseplanung und informieren Sie sich vorab über Ihre Reiseverbindungen. Um keine kurzfristigen Änderungen zu verpassen, informieren Sie sich bitte auch unmittelbar vor Fahrtantritt in den digitalen Reiseauskunftsmedien unter&nbsp;bahn.de&nbsp;oder in der App DB Navigator.</p>";S 4, S 5, S 6, S 60;2025-01-11T06:00:00;2025-02-08T20:00:00;RisDisruptions;;weitere Informationen;https://assets-ri.extranet.deutschebahn.com/regio_sbahn_stuttgart/2024-12-17/adc8cfdb-5b38-4917-beeb-41f5edefe1ccreisendenkarte_20241217-121158.png;isWeekend;2;2025-01-28T03:53:27.109314;8006699, 8006700, 8006698, 8098096;2025-01-28T04:57:59.761639
1d413149-f21e-4d67-bd30-8a8c8a3bc701;Stuttgart-Vaihingen <> Filderstadt: Zugausfälle und Ersatzverkehr mit Bussen;Von Samstag, 25.01.2025, 01:20 Uhr bis Freitag, 07.02.2025, 04:20 Uhr finden zwischen Stuttgart-Vaihingen und Filderstadt Kabeltiefbauarbeiten für den Digitalen Knoten Stuttgart statt. Es kommt zu Zugausfällen und Ersatzverkehr mit Bussen.;"<ul><li><strong>S2 verkehrt nur zwischen Schorndorf und Stuttgart-Vaihingen </strong>im 30 Minuten-Takt, ergänzt durch weitere Fahrten zum 15-Minuten-Takt zwischen Schorndorf und Stuttgart Hbf (oben).</li><li><strong>S3 verkehrt nur zwischen Backnang und Stuttgart-Vaihingen </strong>im 30 Minuten-Takt, ergänzt durch weitere Fahrten zum 15-Minuten-Takt zwischen Backnang und Bad Cannstatt.</li><li><strong>Ersatzverkehr mit Bussen:</strong><ul><li>S2E Stuttgart-Vaihingen, Bf/ZOB &lt;&gt; Filderstadt im 10/20-Minuten-Takt</li><li>S2X Stuttgart-Vaihingen, Bf/ZOB &lt;&gt; Flughafen/Messe, SAB (Direktbus) im 30-Minuten-Takt</li><li>XEV Böblingen, Bf/ZOB &lt;&gt; Flughafen/Messe, SAB mit Halt an der Haltestelle Messe (West) (Zugang zur CMT), im 30-Minuten-Takt</li></ul></li></ul><p><strong>Bitte beachten Sie: </strong>Aufgrund von Bauarbeiten zwischen Bad Cannstatt und Fellbach kommt es von 08.01. bis 03.02. zu weiteren Einschränkungen auf den Linien S2 und S3.</p><p>Bitte berücksichtigen Sie diese Abweichungen bei Ihrer Reiseplanung und informieren Sie sich vorab über Ihre Reiseverbindungen. Um keine kurzfristigen Änderungen zu verpassen, informieren Sie sich bitte auch unmittelbar vor Fahrtantritt in den digitalen Reiseauskunftsmedien unter&nbsp;bahn.de&nbsp;oder in der App DB Navigator.</p>";S 2, S 3;2025-01-25T01:20:00;2025-02-07T04:20:00;RisDisruptions;;weitere Informationen;https://assets-ri.extranet.deutschebahn.com/regio_sbahn_stuttgart/2024-12-20/91df7fec-453c-4fba-9afa-e46021882ee5reisendenkarte_20241219-095406.png;;2;2025-01-28T03:53:27.109314;8006699, 8001650, 8005776, 8004496, 8005779, 8003622, 8006700, 8006513, 8001984, 8005769, 8005773, 8005768, 8098096, 8006698;2025-01-28T04:57:59.761664
bf532be8-fc84-4cd9-bb4c-2c6579b476c3;Ausfall der Linie S62;Fahrgästen zwischen Weil der Stadt und S-Zuffenhausen wird empfohlen, die parallel im 15-Minuten-Takt fahrenden S-Bahnen der Linie S6 und S60 zu nutzen. Bitte prüfen Sie Ihre Reiseverbindung online vor Fahrtantritt. ;<p>Grund hierfür, ist der anhaltend hohe Krankenstand beim Fahrpersonal.</p>;S 62;2025-01-26T22:00:00;2025-01-28T19:30:00;RisDisruptions;;Weitere Informationen;https://assets-ri.extranet.deutschebahn.com/regio_sbahn_stuttgart/2025-01-27/0b11d11d-f7c1-4b7d-9efb-3278d98cf3a2reisendenkarte_20250126-180251.png;;1;2025-01-28T03:53:27.109314;8006268, 8001476, 8005778, 8006271, 8003409, 8003652;2025-01-28T04:57:59.761729
68144994-29d4-4c90-bf1e-c3bce296f6ed;Ausfall RB11 (Schusterbahn);Wegen Triebwagen mit Technikdefekten, entfallen die Fahrten der Schusterbahn (Linie RB11) zwischen Untertürkheim und Kornwestheim. Es wird empfohlen, alternativ die S-Bahnen der Linien S1, S4 und S5 über Stuttgart Hauptbahnhof oder die innerstädtischen Stadtbahnen und Busse zu nutzen. ;<p>Die S-Bahn Stuttgart empfiehlt ihren Fahrgästen, vor Fahrtantritt ihre Reiseverbindung online zu prüfen und bittet für die entstehenden Unannehmlichkeiten um Entschuldigung.</p>;RB 11;2025-01-27T22:30:00;2025-01-28T18:30:00;RisDisruptions;;;https://assets-ri.extranet.deutschebahn.com/regio_sbahn_stuttgart/2025-01-27/3369395a-e518-404a-9a17-dc339e139f1dreisendenkarte_20250127-214023.png;isWeek;1;2025-01-28T03:53:27.109314;8005766, 8003411, 8005777, 8005771, 8005775;2025-01-28T04:57:59.761747
e1a241c5-6b75-4060-87ce-91ae549ee5d9;Instandhaltungsfenster 2025: Fahrtänderungen im S-Bahnverkehr;Wegen Instandhaltungsarbeiten im S-Bahn-Tunnel kommt es in mehreren Nächten von Montag auf Dienstag zwischen 22.30 Uhr und 4.30 Uhr zu Fahrplanänderungen im S-Bahn-Verkehr. Sobald uns das genaue Betriebsprogramm zu den einzelnen Nächten vorliegt, finden Sie die detaillierten Informationen zu den konkreten Fahrplanänderungen unter dem jeweiligen Datum gesondert dargestellt. ;"<p>Das Instandhaltungsfenster findet jeweils in der Nacht von Montag auf Dienstag statt. Dafür sind folgende Nächte vorgesehen (Änderungen vorbehalten):</p><ul><li>10./11. Februar,</li><li>24./25. März,</li><li>7./8. April, 14./15. April,</li><li>12./13. Mai, 19./20. Mai,</li><li>2./3. Juni, 23./24. Juni, 30. Juni/1. Juli,</li><li>14./15. Juli, 21./22. Juli,</li><li>15./16. September, 22./23. September,</li><li>13./14. Oktober, 20./21. Oktober,</li><li>3./4. November, 17./18. November</li><li>1./2. Dezember</li></ul><p><strong>Warum eigentlich Instandhaltungsfenster?</strong></p><p>Damit die Gleise und die Technik im S-Bahntunnel fit bleiben, benötigt InfraGo auch im Jahresfahrplan 2025 für die Instandhaltungsarbeiten ausreichend zusammenhängende Zeitfenster.&nbsp;Um tagsüber den Betrieb nicht zu stören, wurden die Arbeiten nachts in Instandhaltungsfenstern gebündelt.</p><p>Die DB InfraGo hat als Infrastrukturbetreiber mit der S-Bahn Stuttgart folgendes Grundkonzept erarbeitet:</p><p>Zwischen Stuttgart-Vaihingen und Stuttgart Hbf (tief) bzw. Bad Cannstatt wird während dieser Zeit lediglich ein reduziertes Fahrplanangebot&nbsp;im S-Bahntunnel gefahren. Zudem werden in diesem Zeitraum die Fahrzeiten einzelner Linien angepasst, sodass Anschlüsse ggf. nicht erreicht werden.&nbsp;Die Fahrplanänderungen werden kontinuierlich in die Fahrplanmedien eingepflegt und dann über die elektronische Fahrplanauskunft bei der DB oder in den Apps abrufbar sein.&nbsp;</p><h1></h1>";S 1, S 2, S 3, S 4, S 5, S 6;2025-01-27T22:30:00;2025-12-01T04:30:00;RisDisruptions;;weitere Informationen;https://assets-ri.extranet.deutschebahn.com/regio_sbahn_stuttgart/2025-01-27/f7f5319c-e81a-4539-9170-425d15bf1b85reisendenkarte_20241112-155203.png;isInTimeInterval, isWeek;2;2025-01-28T03:53:27.109314;8006700, 8006699, 8006513, 8005779, 8005769, 8098096, 8006698, 8005776;2025-01-28T04:57:59.761766
c051f1bc-ec8a-40a6-8296-f0c82c7f83ce;Plochingen <> Kirchheim (T): Haltausfälle und Ersatzverkehr mit Bussen;In der Nacht 28./29. Januar, 21 bis 5 Uhr, finden Instandhaltungsarbeiten zwischen Plochingen und Wendlingen statt.;"<ul><li><strong>Linie S1 hält nicht zwischen Plochingen und Kirchheim (T).</strong></li><li>Zwischen Plochingen und Kirchheim (T) fährt ein <strong>Ersatzverkehr mit Bussen</strong>.</li><li>Bitte beachten Sie die früheren Abfahrtszeiten der Busse in Kirchheim (T) sowie die längeren Fahrtzeiten der Busse. Wahlen Sie gegebenenfalls eine frühere Verbindung.</li></ul><p>Bitte berücksichtigen Sie diese Abweichungen bei Ihrer Reiseplanung und informieren Sie sich vorab über Ihre Reiseverbindungen. Um keine kurzfristigen Änderungen zu verpassen, informieren Sie sich bitte auch unmittelbar vor Fahrtantritt in den digitalen Reiseauskunftsmedien unter&nbsp;bahn.de&nbsp;oder in der App DB Navigator.</p>";S 1;2025-01-28T20:30:00;2025-01-29T05:00:00;RisDisruptions;Fahrplan S1E Plochingen - Kirchheim.pdf;weitere Informationen;https://assets-ri.extranet.deutschebahn.com/regio_sbahn_stuttgart/2024-12-27/f89ef020-b50a-4749-ba7b-2d93c93924a4reisendenkarte_20241223-153012.png;isInTimeInterval, isWeek;2;2025-01-28T03:53:27.109314;8000302, 8003282, 8006346, 8006331, 8003280;2025-01-28T04:57:59.761804
7e68a282-da9e-4dcd-82c7-173167074a6e;Vaihingen <> Herrenberg: Haltausfall in Stuttgart-Rohr;Von Freitag, 31.01.2025, 01:20 Uhr bis Montag, 03.02.2025, 04:20 Uhr finden in Stuttgart-Rohr Gründungsarbeiten statt. Es kommt zu Haltausfällen auf der Linie S1.;"<ul><li><strong>S1</strong> verkehrt geteilt<strong>: Kirchheim(T) &lt;&gt; Stuttgart-Vaihingen </strong>sowie <strong>Stuttgart-Vaihingen &lt;&gt; Herrenberg. </strong>Bitte beachten Sie die verlängerte Reisezeit aufgrund des notwendigen Umstieg in S-Vaihingen.</li><li><strong>Der Halt in Stuttgart-Rohr entfällt.</strong></li><li>Zwischen Herrenberg, Stuttgart-Vaihingen und Stuttgart-Schwabstraße verkehren die Züge der Linie S1 nur im 30-Minuten-Takt.</li><li>Reisende <strong>von/nach Stuttgart-Rohr</strong> nutzen bitte den <strong>Ersatzverkehr mit Bussen (S2E)</strong> S-Vaihingen, Bf/ZOB &lt;&gt; Filderstadt.</li></ul><p><strong>Bitte beachten Sie zudem:</strong></p><p>Von Samstag, 25.01.2025, 01:20 Uhr bis Freitag, 07.02.2025, 04:20 Uhr finden zwischen Stuttgart-Vaihingen und Filderstadt Kabeltiefbauarbeiten für den Digitalen Knoten Stuttgart statt. Es kommt zu Zugausfällen und Ersatzverkehr mit Bussen auf den Linien S2 und S3.</p><ul><li><strong>S2 verkehrt nur zwischen Schorndorf und Stuttgart-Vaihingen&nbsp;</strong>im 30 Minuten-Takt, ergänzt durch weitere Fahrten zum 15-Minuten-Takt zwischen Schorndorf und Stuttgart Hbf (oben).</li><li><strong>S3 verkehrt nur zwischen Backnang und Stuttgart-Vaihingen&nbsp;</strong>im 30 Minuten-Takt, ergänzt durch weitere Fahrten zum 15-Minuten-Takt zwischen Schorndorf und Bad Cannstatt.</li><li><strong>Ersatzverkehr mit Bussen:</strong><ul><li>S2E Stuttgart-Vainhingen, Bf/ZOB &lt;&gt; Filderstadt</li><li>S2X Stuttgart-Vaihingen, Bf/ZOB &lt;&gt; Flughafen/Messe, SAB (Direktbus)</li><li>XEV Böblingen, Bf/ZOB &lt;&gt; Flughafen/Messe, SAB (mit Halt in Messe West)</li></ul></li></ul><p><strong>Bitte beachten Sie:&nbsp;</strong>Aufgrund von Bauarbeiten zwischen Bad Cannstatt und Fellbach kommt es in den Nächten von 08.01. bis 03.02. zu weiteren Einschränkungen auf den Linien S2 und S3.</p><p>Bitte berücksichtigen Sie diese Abweichungen bei Ihrer Reiseplanung und informieren Sie sich vorab über Ihre Reiseverbindungen. Um keine kurzfristigen Änderungen zu verpassen, informieren Sie sich bitte auch unmittelbar vor Fahrtantritt in den digitalen Reiseauskunftsmedien unter&nbsp;bahn.de&nbsp;oder in der App DB Navigator.</p>";S 1;2025-01-31T01:20:00;2025-02-03T04:20:00;RisDisruptions;;weitere Informationen;https://assets-ri.extranet.deutschebahn.com/regio_sbahn_stuttgart/2025-01-08/57dc47f6-bf22-4456-a4ee-202f70935b91reisendenkarte_20241219-095245.png;;2;2025-01-28T03:53:27.109314;8005201, 8001689, 8003022, 8006513, 8005776, 8005779, 8004490, 8002165, 8001055, 8005773, 8006698, 8002785;2025-01-28T04:57:59.761828
00a24b9d-1dae-4e64-ab96-80cecd0f4f95;Ludwigsburg > Bietigheim: Haltausfälle und Ersatzverkehr mit Bussen;In der Nacht 1./2. Februar, 21 bis 5 Uhr, finden Instandhaltungsarbeiten zwischen Bietigheim-Bissingen und Ludwigsburg statt.;"<ul><li><strong>S5 in Richtung Bietigheim hält nicht in Asperg und Tamm.</strong></li><li>Zwischen Ludwigsburg und Bietigheim fährt zeitweise ein <strong>Ersatzverkehr mit Bussen (S5E) </strong>mit Abfahrt in Ludwigsburg um 0.30  und 1.20 Uhr. Bitte beachten Sie die längeren Fahrtzeiten der Busse und wählen Sie gegebenenfalls eine frühere Verbindung.</li></ul><p>Bitte berücksichtigen Sie diese Abweichungen bei Ihrer Reiseplanung und informieren Sie sich vorab über Ihre Reiseverbindungen. Um keine kurzfristigen Änderungen zu verpassen, informieren Sie sich bitte auch unmittelbar vor Fahrtantritt in den digitalen Reiseauskunftsmedien unter&nbsp;bahn.de&nbsp;oder in der App DB Navigator.</p>";S 5;2025-02-01T21:00:00;2025-02-02T05:00:00;RisDisruptions;Fahrplan S5E Ludwigsburg - Bietigheim.pdf;weitere Informationen;https://assets-ri.extranet.deutschebahn.com/regio_sbahn_stuttgart/2025-01-07/bbb0d9ff-414c-4472-af13-1f9ee1530c09reisendenkarte_20250107-105931.png;isInTimeInterval, isWeekend;2;2025-01-28T03:53:27.109314;8000235, 8000630, 8005820, 8000038;2025-01-28T04:57:59.761878
b547e558-88fb-4c1c-a98c-832872fd5581;Plochingen <> Kirchheim (T): Zugausfälle und Ersatzverkehr mit Bussen;Am 2./3. Februar 2025, 21 bis 5 Uhr, finden Instandhaltungsarbeiten zwischen Plochingen und Wendlingen statt.;"<ul><li><strong>S1 hält nicht zwischen Plochingen und Kirchheim (T).</strong></li><li>Zwischen Plochingen und Kirchheim (T) fährt ein <strong>Ersatzverkehr mit Bussen</strong>.</li><li>Bitte beachten Sie die früheren Abfahrtszeiten der Busse in Kirchheim (T) sowie die längeren Fahrtzeiten der Busse. Wählen Sie gegebenenfalls eine frühere Verbindung.</li></ul><p>Bitte beachten Sie: Aufgrund von Bauarbeiten kommt es vom 31. Januar bis 3. Februar zu weiteren Einschränkungen auf der Linie S1 im Abschnitt S-Vaihingen und Herrenberg.</p><p>Bitte berücksichtigen Sie diese Abweichungen bei Ihrer Reiseplanung und informieren Sie sich vorab über Ihre Reiseverbindungen. Um keine kurzfristigen Änderungen zu verpassen, informieren Sie sich bitte auch unmittelbar vor Fahrtantritt in den digitalen Reiseauskunftsmedien unter&nbsp;bahn.de&nbsp;oder in der App DB Navigator.</p>";S 1;2025-02-02T21:00:00;2025-02-03T05:00:00;RisDisruptions;Fahrplan S1E Plochingen - Kirchheim.pdf;weitere Informationen;https://assets-ri.extranet.deutschebahn.com/regio_sbahn_stuttgart/2025-01-10/ae63e22c-7954-4d54-9e82-62b92986eef1reisendenkarte_20250108-110017.png;isInTimeInterval;2;2025-01-28T03:53:27.109314;8000302, 8003282, 8006346, 8006331, 8003280;2025-01-28T04:57:59.761912
e04c9d7b-3846-4e5b-ab4a-98758e068b8e;Stuttgart-Zuffenhausen <> Weil der Stadt: Zugausfälle und Ersatzverkehr mit Bussen;In den Nächten 4./5. Februar und 5./6. Februar, jeweils zwischen 21.00 Uhr und 5.00 Uhr finden zwischen Stuttgart-Zuffenhausen und Weil der Stadt Instandhaltungsarbeiten statt. Es kommt zu Zugausfällen und Ersatzverkehr mit Bussen.;"<ul><li>S6 Ausfall einzelner Züge zwischen Weil der Stadt und Ditzingen bzw. Stuttgart-Zuffenhausen.</li><li><strong>Ersatzverkehr mit Bussen (S6E) </strong>zwischen Weil der Stadt und Ditzingen bzw. Stuttgart-Zuffenhausen.</li></ul><p>Bitte berücksichtigen Sie diese Abweichungen bei Ihrer Reiseplanung und informieren Sie sich vorab über Ihre Reiseverbindungen. Um keine kurzfristigen Änderungen zu verpassen, informieren Sie sich bitte auch unmittelbar vor Fahrtantritt in den digitalen Reiseauskunftsmedien unter&nbsp;bahn.de&nbsp;oder in der App DB Navigator.</p>";S 6, S 60;2025-02-04T21:00:00;2025-02-05T05:00:00;RisDisruptions;Fahrplan S6E Zuffenhausen - Ditzingen - Weil der Stadt.pdf;;https://assets-ri.extranet.deutschebahn.com/regio_sbahn_stuttgart/2025-01-27/8d3bc79e-3cc8-41d1-9c16-01e274454820reisendenkarte_20250127-125722.png;isInTimeInterval, isWeek;2;2025-01-28T03:53:27.109314;8005236, 8002892, 8003409, 8004338, 8006268, 8000313, 8006271, 8001476, 8003652, 8005778, 8003831;2025-01-28T04:57:59.761939
9268ddf6-079c-4bb9-8e79-e346d9cd799f;Stuttgart-Vaihingen <> Herrenberg/Filderstadt: Änderungen im Linienverlauf auf den Linien S1 und S2;Im Zeitraum 7.2., 20.00 Uhr bis 10.2., 4.20 Uhr finden Kabeltiefbauarbeiten zwischen S-Vaihingen und S-Rohr statt.;"<ul><li>S1 von Herrenberg nach Kirchheim(T) verkehrt im 30-Minuten-Takt.</li><li>S1 von Kirchheim(T) Richtung Herrenberg verkehrt ab Stuttgart-Vaihingen abweichend weiter nach Filderstadt sowie nur im 30-Minuten-Takt.</li><li>Zwischen Plochingen und Stuttgart-Schwabstraße ergänzen weitere Fahrten der S1 das Angebot zum 15-Minuten-Takt.</li></ul><p></p><ul><li>S2 von Filderstadt nach Schorndorf verkehrt im 30-Minuten-Takt.</li><li>S2 von Schorndorf Richtung Filderstadt verkehrt ab Stuttgart-Vaihingen abweichend weiter nach Herrenberg sowie nur im 30-Minuten-Takt.</li><li>Zwischen Schorndorf und Stuttgart Hbf (oben) ergänzen weitere Fahrten der S2 das Angebot zum 15-Minuten-Takt.</li></ul><p></p><ul><li>S3 Backnang &lt;&gt; Stuttgart-Vaihingen verkehrt im 30-Minuten-Takt</li><li>Zwischen Backnang und Bad Cannstatt ergänzen weitere Fahrten der S3 das Angebot zum 15-Minuten-Takt.</li></ul><p>Bitte berücksichtigen Sie diese Abweichungen bei Ihrer Reiseplanung und informieren Sie sich vorab über Ihre Reiseverbindungen. Um keine kurzfristigen Änderungen zu verpassen, informieren Sie sich bitte auch unmittelbar vor Fahrtantritt in den digitalen Reiseauskunftsmedien unter&nbsp;bahn.de&nbsp;oder in der App DB Navigator.</p>";S 1/2, S 2/1;2025-02-07T20:00:00;2025-02-10T04:20:00;RisDisruptions;;weitere Informationen;https://assets-ri.extranet.deutschebahn.com/regio_sbahn_stuttgart/2025-01-23/487eb0b4-e39f-4730-a586-bfd55dcd8dccreisendenkarte_20241031-135321.png;;2;2025-01-28T03:53:27.109314;8005776, 8005779, 8005773;2025-01-28T04:57:59.761964
17d85066-1aa8-40c1-8394-5f84200151cd;Kirchheim > Herrenberg: Haltausfälle und Ersatzverkehr mit Bussen;In der Nacht 10./11. Februar 2025, 22.30 bis 1 Uhr, finden Arbeiten an der Leit- und Sicherungstechnik in Untertürkheim statt.;"<ul><li><strong>S1 in Richtung Herrenberg hält nicht in Untertürkheim und Neckarpark.</strong></li><li>Um 0.35 Uhr verkehrt ein <strong>Ersatzverkehr mit Bussen</strong> von Untertürkheim nach Bad Cannstatt (Ankunft 0.49 Uhr).</li></ul><p>Bitte berücksichtigen Sie diese Abweichungen bei Ihrer Reiseplanung und informieren Sie sich vorab über Ihre Reiseverbindungen. Um keine kurzfristigen Änderungen zu verpassen, informieren Sie sich bitte auch unmittelbar vor Fahrtantritt in den digitalen Reiseauskunftsmedien unter&nbsp;bahn.de&nbsp;oder in der App DB Navigator.</p>";S 1;2025-02-10T22:30:00;2025-02-11T01:00:00;RisDisruptions;Fahrplan S1E Obertürkheim - Bad Cannstatt.pdf;weitere Informationen;https://assets-ri.extranet.deutschebahn.com/regio_sbahn_stuttgart/2025-01-21/6e6fba58-a202-4955-915e-d7656b8982bfreisendenkarte_20250117-113008.png;isInTimeInterval, isWeek;2;2025-01-28T03:53:27.109314;8005772, 8005775;2025-01-28T04:57:59.761995
7cba3fe4-8076-4b77-8853-1330d7cf900a;Einschränkungen im S-Bahnverkehr auf mehreren Linien aufgrund von Instandhaltungsarbeiten ;In der Nacht 10./11. Februar, 22.30 bis 4.30 Uhr, finden Instandhaltungsarbeiten zwischen S-Vaihingen und Bad Cannstatt statt.;"<ul><li><strong>S1 </strong>verkehrt in beiden Richtungen mit geändertem Linienverlauf: Herrenberg - Hauptbahnhof (oben) - (ohne Halt zwischen Hauptbahnhof (tief) und S-Vaihingen) - Kirchheim (T).</li><li><strong>S3 </strong>verkehrt in beiden Richtungen nur in den Abschnitten Backnang und Waiblingen sowie Vaihingen und Flughafen/Messe.</li><li><strong>S4</strong> verkehrt in beiden Richtungen nur zwischen Marbach und Hauptbahnhof (oben).</li><li><strong>S6</strong> verkehrt in beiden Richtungen nur zwischen Weil der Stadt und Hauptbahnhof (oben)</li></ul><p>Bitte berücksichtigen Sie diese Abweichungen bei Ihrer Reiseplanung und informieren Sie sich vorab über Ihre Reiseverbindungen. Um keine kurzfristigen Änderungen zu verpassen, informieren Sie sich bitte auch unmittelbar vor Fahrtantritt in den digitalen Reiseauskunftsmedien unter&nbsp;bahn.de&nbsp;oder in der App DB Navigator.</p>";S 1, S 3, S 4, S 6;2025-02-10T22:30:00;2025-02-11T04:30:00;RisDisruptions;;weitere Informationen;https://assets-ri.extranet.deutschebahn.com/regio_sbahn_stuttgart/2025-01-20/5776d8c3-30b5-485c-9ad6-4673b1545419reisendenkarte_20250117-103906.png;isInTimeInterval, isWeek;2;2025-01-28T03:53:27.109314;8006699, 8006513, 8006700, 8005779, 8004357, 8005774, 8001974, 8005769, 8006698, 8005776, 8098096, 8000180;2025-01-28T04:57:59.762017
54cc8da2-aded-4c0c-8217-2a2241d6b133;Stuttgart Hbf <> Stuttgart-Vaihingen/Zuffenhausen: Zugausfälle und Ersatzverkehr mit Bussen;Vom 11.2. bis 21.3., jeweils in den Nächten So/Mo – Do/Fr, von 21.00 Uhr bis 4.30 Uhr sowie durchgehend von Samstag, 15.2., 1.30 Uhr bis Montag, 17.2., 4.30 Uhr finden zwischen S-Hauptbahnhof (tief) und S-Schwabstraße Bauarbeiten auf der Stammstrecke statt.;"<ul><li><strong>S1 verkehrt in zwei Abschnitten</strong>: Kirchheim(T) &lt;&gt; Stuttgart Hbf (oben) und Stuttgart-Vaihingen &lt;&gt; Herrenberg</li><li><strong>S2 verkehrt in zwei Abschnitten:</strong> Schorndorf &lt;&gt; Stuttgart Hbf (oben) und Stuttgart-Vaihingen &lt;&gt; Filderstadt</li><li><strong>S3</strong> verkehrt nur zwischen Backnang und Bad Cannstatt.</li><li><strong>S4</strong> verkehrt nur zwischen Marbach(N) und Stuttgart Hbf (oben).</li><li><strong>S5 </strong>verkehrt nur zwischen Bietigheim-Bissingen und Stuttgart-Zuffenhausen.</li><li><strong>S6/S60</strong> verkehren nur zwischen Weil der Stadt/Böblingen und Stuttgart-Zuffenhausen.</li><li>Die Linien S1-S6/60 verkehren nur im 30-Minuten-Takt.</li></ul><p><strong>Ersatzverkehr:</strong></p><ul><li><strong>SEV1 Stuttgart Hbf, Arnulf-Klett-Platz &lt;&gt; Stuttgart-Vaihingen, Bf/ZOB</strong> mit Zwischenhalt in Stuttgart Stadtmitte (Wilhelmsbau/Büchsenstraße), Feuersee, Schwabstraße, Westbahnhof, Universität und Österfeld (Alter Friedhof)</li><li><strong>S5E Stuttgart Hbf, Arnulf-Klett-Platz &lt;&gt; Stuttgart-Zuffenhausen, Bf/ZOB (ohne Zwischenhalt)</strong></li></ul><p><strong>Bitte beachten Sie: Von Samstag, 22.02.,1.30 Uhr bis Montag, 03.03.2025, 4.00 Uhr:</strong></p><ul><li><strong>S4, S5</strong> verkehren nur im 30-Minuten-Takt.</li><li><strong>S6/S60</strong> verkehren nur zwischen Weil der Stadt/Böblingen und Stuttgart-Zuffenhausen.</li><li><strong>S62</strong> entfällt</li><li><strong>RB11</strong> ""Schusterbahn"" Kornwestheim – Untertürkheim entfällt.</li></ul><p>Bitte berücksichtigen Sie diese Abweichungen bei Ihrer Reiseplanung und informieren Sie sich vorab über Ihre Reiseverbindungen. Um keine kurzfristigen Änderungen zu verpassen, informieren Sie sich bitte auch unmittelbar vor Fahrtantritt in den digitalen Reiseauskunftsmedien unter&nbsp;bahn.de&nbsp;oder in der App DB Navigator.</p>";S 5, S 4, S 6, S 60, S 62;2025-02-11T21:00:00;2025-03-21T04:30:00;RisDisruptions;"Fahrplan S5E Zuffenhausen - Stuttgart 11.2. - 21.3..pdf; Fahrplan S1E Stuttgart - Vaihingen 15.-16.2..pdf; Fahrplan S5E Zuffenhausen - Stuttgart Hbf 15.-16.2..pdf; Fahrplan S1E Stuttgart - Vaihingen.pdf";"weitere Informationen; weitere Informationen (2)";https://assets-ri.extranet.deutschebahn.com/regio_sbahn_stuttgart/2025-01-27/b0742043-2edd-4916-b33d-31613899033areisendenkarte_20250122-111155.png;isInTimeInterval, isWeek;2;2025-01-28T03:53:27.109314;;2025-01-28T04:57:59.762045
a2e3a5d7-de4b-4f93-968e-c6af1da9b2f5;Herrenberg <-> Böblingen: Haltausfälle und Ersatzverkehr mit Bussen;In den Nächten 11./12. und 12./13. Februar finden Instandhaltungsarbeiten zwischen S-Vaihingen und Herrenberg statt.;"<ul><li><strong>S1 verkehrt von ca. 23 bis 1 Uhr nur zwischen Böblingen und Vaihingen.</strong></li><li>Zwischen Herrenberg und Böblingen fährt ein <strong>Ersatzverkehr mit Bussen</strong>.</li><li>Bitte beachten Sie die früheren Abfahrtszeiten der Busse in Herrenberg sowie die längeren Fahrtzeiten der Busse. Wahlen Sie gegebenenfalls eine frühere Verbindung.</li></ul><p>Bitte beachten Sie, dass es im genannten Zeitraum zu weiteren Fahrplanabweichungen aufgrund von Baustellen kommt.</p><p>Bitte berücksichtigen Sie diese Abweichungen bei Ihrer Reiseplanung und informieren Sie sich vorab über Ihre Reiseverbindungen. Um keine kurzfristigen Änderungen zu verpassen, informieren Sie sich bitte auch unmittelbar vor Fahrtantritt in den digitalen Reiseauskunftsmedien unter&nbsp;bahn.de&nbsp;oder in der App DB Navigator.</p>";S 1;2025-02-11T22:00:00;2025-02-13T00:30:00;RisDisruptions;;;https://assets-ri.extranet.deutschebahn.com/regio_sbahn_stuttgart/2025-01-27/e16d47d7-adc0-4c97-a54a-0dbd2068dc9freisendenkarte_20250127-113218.png;isWeek;2;2025-01-28T03:53:27.109314;8003022, 8004490, 8002165, 8001055, 8001689, 8002785;2025-01-28T04:57:59.762103
eadc35c5-a4e4-42b6-8de9-45adb74a4ac8;Kirchheim > Herrenberg: Haltausfälle und Ersatzverkehr mit Bussen.;Zwischen 13./14. Februar und 2./3. März finden in einzelnen Nächten Arbeiten an der Leit- und Sicherungstechnik in Untertürkheim statt.;"<p>In den Nächten 13./14., 16./17., 17./18., 20./21. und 23./24. Februar sowie 2./3. März - jeweils 19.30 bzw. 22.30 bis 1.00 Uhr:</p><ul><li><strong>S1 in Richtung Herrenberg hält nicht in Untertürkheim und Neckarpark.</strong></li><li>Zwischen Obertürkheim und Bad Cannstatt fährt ein <strong>Ersatzverkehr mit Bussen (S1E)</strong>.</li><li>Bitte beachten Sie die längeren Fahrtzeiten der Busse und wählen Sie gegebenenfalls eine frühere Verbindung.</li></ul><p>Bitte berücksichtigen Sie diese Abweichungen bei Ihrer Reiseplanung und informieren Sie sich vorab über Ihre Reiseverbindungen. Um keine kurzfristigen Änderungen zu verpassen, informieren Sie sich bitte auch unmittelbar vor Fahrtantritt in den digitalen Reiseauskunftsmedien unter&nbsp;bahn.de&nbsp;oder in der App DB Navigator.</p>";S 1;2025-02-13T22:30:00;2025-03-03T01:00:00;RisDisruptions;Fahrplan S1E Obertürkheim - Bad Cannstatt.pdf;weitere Informationen;https://assets-ri.extranet.deutschebahn.com/regio_sbahn_stuttgart/2025-01-21/c9741b73-443e-435c-b502-6cce6d55cdbbreisendenkarte_20250120-093331.png;isInTimeInterval;2;2025-01-28T03:53:27.109314;8006743, 8005772, 8005769, 8005775;2025-01-28T04:57:59.762129
6c284bbd-67f0-4c86-863e-cf5d19909c71;Plochingen <> Kirchheim (T): Zugausfälle und Ersatzverkehr mit Bussen;Am 15./16. Februar 2025, 21 bis 5 Uhr, finden Instandhaltungsarbeiten zwischen Kirchheim (T) und Wendlingen statt.;"<ul><li><strong>S1 hält nicht zwischen Plochingen und Kirchheim (T).</strong></li><li>Zwischen Plochingen und Kirchheim (T) fährt ein <strong>Ersatzverkehr mit Bussen (S1E)</strong>.</li><li>Bitte beachten Sie die früheren Abfahrtszeiten der Busse in Kirchheim (T) sowie die längeren Fahrtzeiten der Busse. Wählen Sie gegebenenfalls eine frühere Verbindung.</li></ul><p>Bitte beachten Sie, dass es im genannten Zeitraum zu weiteren Abweichungen im S-Bahn-Verkehr aufgrund von Baustellen kommt.</p><p>Bitte berücksichtigen Sie diese Abweichungen bei Ihrer Reiseplanung und informieren Sie sich vorab über Ihre Reiseverbindungen. Um keine kurzfristigen Änderungen zu verpassen, informieren Sie sich bitte auch unmittelbar vor Fahrtantritt in den digitalen Reiseauskunftsmedien unter&nbsp;bahn.de&nbsp;oder in der App DB Navigator.</p>";S 1;2025-02-15T21:00:00;2025-02-16T05:00:00;RisDisruptions;Fahrplan S1E Plochingen - Kirchheim.pdf;weitere Informationen;https://assets-ri.extranet.deutschebahn.com/regio_sbahn_stuttgart/2025-01-23/874f5269-2507-4949-b06c-4239fcac8ed9reisendenkarte_20250121-141916.png;isInTimeInterval, isWeekend;2;2025-01-28T03:53:27.109314;8000302, 8003282, 8006346, 8000508, 8006331, 8003280;2025-01-28T04:57:59.762155
61eb7097-e18e-4313-ab93-e0c4c2f2a81b;Renningen <> Böblingen: Zug- und Haltausfälle sowie Ersatzverkehr mit Bussen;In der Nacht 17./18. Februar 2025, 21.00 Uhr bis 5.00 Uhr, finden Instandhaltungsarbeiten zwischen Renningen und Sindelfingen statt.;"<ul><li><strong>S60 verkehrt zwischen Böblingen und Renningen nur im Stundentakt.</strong></li><li>Zwischen Böblingen und Renningen fährt ergänzend ein <strong>Ersatzverkehr mit Bussen (S60E)</strong> im Stundentakt.</li><li>Bitte beachten Sie die längeren Fahrtzeiten der Busse und wählen Sie gegebenenfalls eine frühere Verbindung.</li></ul><p>Bitte beachten Sie, dass es im genannten Zeitraum zu weiteren Abweichungen im S-Bahn-Verkehr aufgrund von Baustellen kommt.</p><p>Bitte berücksichtigen Sie diese Abweichungen bei Ihrer Reiseplanung und informieren Sie sich vorab über Ihre Reiseverbindungen. Um keine kurzfristigen Änderungen zu verpassen, informieren Sie sich bitte auch unmittelbar vor Fahrtantritt in den digitalen Reiseauskunftsmedien unter&nbsp;bahn.de&nbsp;oder in der App DB Navigator.</p>";S 60;2025-02-17T21:00:00;2025-02-18T05:00:00;RisDisruptions;Fahrplan S60E Böblingen - Renningen.pdf;weitere Informationen;https://assets-ri.extranet.deutschebahn.com/regio_sbahn_stuttgart/2025-01-21/ee5f7e7d-cede-473c-a4f0-371b9c4ddf28reisendenkarte_20250113-123405.png;isInTimeInterval, isWeek;2;2025-01-28T03:53:27.109314;8005001, 8003807, 8003834, 8005574, 8003808, 8000313, 8001055;2025-01-28T04:57:59.762182
7c6af90a-bcc2-469f-9d22-ab35827da8c1; Weil der Stadt <> Renningen <> Böblingen: Zug- und Haltausfälle sowie Ersatzverkehr mit Bussen;In der Nacht 20./21. Februar, 21 bis 5.00 Uhr, finden Bauarbeiten zwischen Weil der Stadt und Renningen bzw. Renningen und Maichingen statt.;"<ul><li><strong>S6 verkehrt im Zeitraum von ca. 21.30 bis 4.00 Uhr nur zwischen Renningen und S-Schwabstraße.</strong></li><li>Zwischen Renningen und Weil der Stadt fährt ein&nbsp;<strong>Ersatzverkehr mit Bussen (S6E)</strong>.</li><li><strong>S60 verkehrt im Zeitraum von ca. 21.30 bis 0.30 Uhr zwischen Renningen und Böblingen nur im Stundentakt.</strong></li><li>Zwischen Renningen und Böblingen fährt ergänzend ein<strong>&nbsp;Ersatzverkehr mit Bussen (S60E)</strong>&nbsp;im Stundentakt.</li><li>Bitte beachten Sie die früheren Abfahrtszeiten der Busse in Weil der Stadt sowie die längeren Fahrtzeiten der Busse und wählen Sie gegebenenfalls eine frühere Verbindung.</li></ul><p>Bitte beachten Sie, dass es im genannten Zeitraum zu weiteren Abweichungen im S-Bahn-Verkehr aufgrund von Baustellen kommt.</p><p>Bitte berücksichtigen Sie diese Abweichungen bei Ihrer Reiseplanung und informieren Sie sich vorab über Ihre Reiseverbindungen. Um keine kurzfristigen Änderungen zu verpassen, informieren Sie sich bitte auch unmittelbar vor Fahrtantritt in den digitalen Reiseauskunftsmedien unter&nbsp;bahn.de&nbsp;oder in der App DB Navigator.</p>";S 6, S 60;2025-02-20T21:30:00;2025-02-21T05:00:00;RisDisruptions;"Fahrplan S60E Böblingen - Renningen.pdf; Fahrplan S6E Renningen - Weil der Stadt.pdf";weitere Informationen;https://assets-ri.extranet.deutschebahn.com/regio_sbahn_stuttgart/2025-01-21/bd4789fc-0ad8-4914-8879-28a889c482b2reisendenkarte_20250114-105418.png;isInTimeInterval, isWeek;2;2025-01-28T03:53:27.109314;8003831, 8005236, 8005001, 8003807, 8003834, 8005574, 8006271, 8000313, 8003808, 8001055;2025-01-28T04:57:59.762208
