ID;Überschrift;Kurztext;Text;Linien;Startdatum;Enddatum;Quelle;Anhänge;Links;Bild;Kategorien;Nachrichtentypen;Zeitstempel;Betroffene Haltestellen;Aktualisierungszeit
d3e5d17b-2bb0-4044-aa55-1a873396faff;Stuttgart-Vaihingen <> Böblingen/Filderstadt: Zugausfälle und Ersatzverkehr mit Bussen;Von 16. Januar bis 9. Februar 2026 kommt es jeweils von Freitag, 21 Uhr bzw. Samstag, 1.30 Uhr bis Montag, 5 Uhr durchgehend zu folgenden Einschränkungen. Grund sind Arbeiten an der Leit- und Sicherungstechnik für den Digitalen Knoten Stuttgart.;"<p><strong>16. bis 19. Januar, 23. bis 26. Januar, 30. Januar bis 1. Februar und 6. Februar bis 9. Februar, </strong>jeweils&nbsp;<strong>von Freitag, 21 Uhr bis Montag, 5 Uhr</strong>&nbsp;durchgehend</p><ul><li>Die Linie S1 fällt zwischen Stuttgart-Vaihingen und Herrenberg aus.</li><li>Die Linie S60 fällt zwischen Böblingen und Renningen/Schwabstraße aus.</li><li><strong>Als Ersatz verkehrt die Linie S61 zu folgenden Zeiten</strong>:<ul><li>an den Freitagen ab 21 Uhr zwischen Herrenberg und Renningen</li><li>an den Samstagen von 8 Uhr bis 20 Uhr zwischen Herrenberg und Schwabstraße</li><li>an den Sonntagen von 8 Uhr bis 20 Uhr zwischen Herrenberg und Feuerbach (Gl. 1a)</li><li>an den Samstagen und Sonntagen von 20 Uhr bis 8 Uhr zwischen Herrenberg und Renningen</li></ul></li><li>Die Linien S1 und S6 verkehren nur im 30-Minuten-Takt.</li></ul><p><strong>17. bis 19. Januar, 24. bis 26. Januar, 31. Januar bis 1. Februar und 7. Februar bis 9. Februar, </strong>jeweils&nbsp;<strong>von Samstag, 1.30 Uhr bis Montag, 5 Uhr </strong>durchgehend</p><ul><li>Die Linien S2 und S3 fallen zwischen Stuttgart-Vaihingen und Filderstadt via Stuttgart Flughafen/Messe aus.</li><li>Die Linien S2 und S3 verkehren nur im 30-Minuten-Takt.</li></ul><p><strong>Ersatzverkehr mit Bussen der S-Bahn Stuttgart:</strong></p><ul><li>S1E (grün gekennzeichnet) Stuttgart-Vaihingen, ZOB Pos. 1. – Böblingen, ZOB, Bussteig 8</li><li>S2E (rot gekennzeichnet) Stuttgart-Vaihingen, ZOB Pos. 1. – Filderstadt, Volmarstraße</li><li>S2X (lila gekennzeichnet)Direktbus Stuttgart-Vaihingen, Vollmoellerstraße – Flughafen/Messe, SAB Pos. 6</li><li>SXE (hellblau gekennzeichnet) Böblingen, ZOB, Bussteig 7 – Flughafen/Messe, SAB Pos. 6. über Messe West (Zugang zur CMT)</li></ul><p><strong>Ersatzverkehr mit Bussen der DB Regio Baden-Württemberg:</strong></p><ul><li>XEV (Bus RE14b) Böblingen, Bahnhof (Flugfeld) – Stuttgart, Pariser Platz über Stuttgart, Marienstraße</li></ul><p>Bitte beachten Sie, an den Folgewochenenden 13.-16. Februar und 20. bis 23. Februar kommt es zu weiteren Einschränkungen auf der Linie S1 und S60.</p><p>Bitte berücksichtigen Sie diese Abweichungen bei Ihrer Reiseplanung und informieren Sie sich vorab über Ihre Reiseverbindungen. Um keine kurzfristigen Änderungen zu verpassen, informieren Sie sich bitte auch unmittelbar vor Fahrtantritt in den digitalen Reiseauskunftsmedien unter&nbsp;bahn.de&nbsp;oder in der App DB Navigator.</p>";S 60, S 1, S 2, S 3, S 61;2026-01-16T21:00:00;2026-02-09T05:00:00;RisDisruptions;"Fahrplan_S1E_Vaihingen, ZOB-Böblingen ZOB.pdf; Fahrplan XEV Böblingen-Pariser Platz.pdf; Fahrplan Ersatzverkehr SXE Böblingen – Flughafen_Messe.pdf; Fahrplan S2E_Vaihingen-Filderstadt.pdf; Fahrplan Ersatzverkehr S2X Vaihingen – Flughafen_Messe.pdf";Weiterführende Informationen;https://assets-ri.extranet.deutschebahn.com/regio_sbahn_stuttgart/2026-01-27/7f006758-0255-4f42-b6f1-64be344b679creisendenkarte_20251211-115346.png;;2;2026-02-08T16:34:07.354337;8005201, 8001689, 8002165, 8005776, 8001055, 8002785, 8005768, 8001650, 8004496, 8005773, 8003622, 8001984, 8098096, 8006268, 8005236, 8005778, 8001476, 8005770, 8006699, 8005574, 8005767, 8003808, 8005001, 8004338, 8003834, 8006700, 8003652, 8003807, 8004490, 8003022, 8003409, 8000313, 8002892, 8006698;2026-02-08T17:39:08.636787
50b8b0d0-2778-42fd-81bd-12841f9f363d;S4 und S5 verkehren mit eingeschränkter Sitzplatzkapazität;Bietigheim-Marbach(N)-Ludwigsburg-Schwabstraße: S-Bahnen verkehren nur mit zwei Zugteilen.;<p>Die S-Bahnen der Linien S4 und S5 verkehren nur mit zwei Zugteilen. Dadurch kommt es zu eingeschränkten Sitzplatzkapazitäten.</p><p></p><p>Die S-Bahn Stuttgart empfiehlt ihren Fahrgästen bei der Reiseplanung diese Änderungen zu berücksichtigen. Insbesondere im Berufs- und Schülerverkehr wird empfohlen, auch die Züge des Regionalverkehrs zwischen Bietigheim, Ludwigsburg und Stuttgart Hauptbahnhof zu nutzen.</p><p></p>;S 4, S 5;2026-01-21T11:48:01.406;2026-02-23T23:59:00;RisDisruptions;;weitere Informationen;;;1;2026-02-08T16:34:07.354337;8002065, 8005778, 8000873, 8006700, 8001967, 8001827, 8006699, 8005767, 8003266, 8000096, 8001296, 8003411, 8000235, 8000038, 8000630, 8005770, 8098096, 8003853, 8006698, 8000016, 8005820;2026-02-08T17:39:08.636873
f95248e9-f5d3-4ab3-a411-1a544774f7d8;Plochingen <> Kirchheim (T): Haltausfälle und Ersatzverkehr mit Bussen;Im Zeitraum von 22. Januar bis 12. Juni finden in einzelnen Nächten, jeweils zwischen ca. 21.30 und 4 Uhr, Instandhaltungsarbeiten zwischen Plochingen und Kirchheim (T) bzw. Tübingen statt.;<p>In folgenden Nächten <strong>entfällt Linie S1 zwischen Plochingen und Kirchheim (T)</strong>.</p><ul><li>19./20. und 24./25. Februar</li><li>19./20. und 24./25. März</li><li>16./17. und 21./22. April</li><li>14./15. und 19./20. Mai</li><li>11./12. Juni</li></ul><p>Zwischen Plochingen und Kirchheim (T) fährt ein <strong>Ersatzverkehr mit Bussen </strong>(S1E). Bitte beachten Sie die deutlich früheren Abfahrtszeiten der Busse in Kirchheim (T).</p><p>Bitte berücksichtigen Sie diese Abweichungen bei Ihrer Reiseplanung und informieren Sie sich vorab über Ihre Reiseverbindungen. Um keine kurzfristigen Änderungen zu verpassen, informieren Sie sich bitte auch unmittelbar vor Fahrtantritt in den digitalen Reiseauskunftsmedien unter bahn.de oder in der App DB Navigator.</p>;S 1;2026-01-22T21:45:00;2026-06-12T05:00:00;RisDisruptions;"Fahrplan S1E Kirchheim - Plochingen_1.pdf; Fahrplan S1E Kirchheim - Plochingen_2.pdf";Weiterführende Informationen;https://assets-ri.extranet.deutschebahn.com/regio_sbahn_stuttgart/2026-01-28/e7e10194-4d2e-4572-85b5-01f01b16c330reisendenkarte_20251211-173514.png;;2;2026-02-08T16:34:07.354337;8003282, 8006331, 8000302, 8006346, 8003280;2026-02-08T17:39:08.636899
e0e97b63-c679-4c8b-9857-c7e14eae8450;Wendlingen(N) <> Kirchheim(T): Zugausfälle und Ersatzverkehr mit Bussen;Im Gesamtzeitraum vom 2. bis 21. Februar finden zwischen Wendlingen(N) und Kirchheim(T) Kabelarbeiten statt. Es kommt zu folgenden Teilausfällen:;"<ul><li>Die <strong>Linie S1 </strong>fällt in den Nächten 2./3., 3./4., 4./5., 5./6. und 6./7. Februar, jeweils von 21 Uhr bis 5 Uhr zwischen Wendlingen(N) und Kirchheim(T) aus.</li><li>Die <strong>Linie S1 </strong>fällt in den Nächten 9./10., 10./11., 11./12., 12./13 und 13./14. Februar, jeweils von 21 Uhr bis 5 Uhr zwischen Wendlingen(N) und Kirchheim(T) aus.</li><li>Die <strong>Linie S1 </strong>fällt in den Nächten 16./17., 17./18., 18./19., 19./20. und 20./21 Februar, jeweils von 21 Uhr bis 5 Uhr zwischen Wendlingen(N) und Kirchheim(T) aus.</li><li><strong>Bitte beachten Sie: In den Nächten 4./5. Februar und 19./20. Februar fällt die Linie S1 ab 22 Uhr bereits zwischen Plochingen und Kirchheim(T) aus.</strong></li><li>Zwischen Kirchheim(T) und Wendlingen(N) bzw. Plochingen verkehrt ein <strong>Ersatzverkehr mit Bussen (S1E)</strong>.</li></ul><p>Bitte berücksichtigen Sie diese Abweichungen bei Ihrer Reiseplanung und informieren Sie sich vorab über Ihre Reiseverbindungen. Um keine kurzfristigen Änderungen zu verpassen, informieren Sie sich bitte auch unmittelbar vor Fahrtantritt in den digitalen Reiseauskunftsmedien unter&nbsp;bahn.de&nbsp;oder in der App DB Navigator.</p>";S 1;2026-02-02T21:00:00;2026-02-20T05:00:00;RisDisruptions;"Fahrplan S1E Kirchheim - Plochingen_2.pdf; Fahrplan Ersatzverkehr S1E 2.2.-21.2.pdf; Fahrplan S1E Plochingen - Kirchheim.pdf";Weiterführende Informationen;https://assets-ri.extranet.deutschebahn.com/regio_sbahn_stuttgart/2026-02-02/ef9e997d-6bfb-4323-afbc-6c929f1753ccreisendenkarte_20260112-142205.png;isInTimeInterval, isWeek;2;2026-02-08T16:34:07.354337;8002165, 8001689, 8004490, 8006642, 8005769, 8005779, 8001921, 8005773, 8098096, 8006699, 8005776, 8003022, 8006331, 8001055, 8000302, 8006743, 8006346, 8005775, 8003282, 8000508, 8006513, 8004528, 8002785, 8000096, 8001920, 8005201, 8006700, 8005772, 8006698, 8003280;2026-02-08T17:39:08.636932
26627944-c432-4df1-832a-9e009b8a5822;Technischer Defekt. Kein Zugverkehr zwischen Flughafen und Filderstadt;Kein Zugverkehr zwischen Flughafen und Filderstadt;<p>Die Linie S2 kann bis voraussichtlich Montag früh, den 09.02.2026 nicht zwischen Stuttgart Flughafen und Filderstadt verkehren. Grund hierfür ist ein technischer Defekt an der Brandschutzanlage in Filderstadt. Somit verkehrt die Linie S2 am 06.02.2026 und bis Baustellenbeginn bis auf weiteres nur im Abschnitt zwischen Schorndorf und Stuttgart Flughafen. Bitte beachten Sie, dass die Strecke zwischen Vaihingen und Filderstadt ab dem 07.02.2026 ab ca. 01:30 Uhr bis Montag, 09.02.2026 05:00 Uhr aufgrund von Bauarbeiten gesperrt ist. In diesem Zeitraum besteht ein Busersatzverkehr zwischen Vaihingen und Filderstadt. Achten Sie auf die Durchsagen und Anzeigen am Bahnsteig und prüfen Sie Ihre Fahrt online.</p><p>Alle weiteren Infos hierzu finden sie unter: www.s-bahn-stuttgart.de/s-stuttgart/Betriebslage</p>;S 2;2026-02-06T17:12:42.453;2026-02-09T08:00:00;RisDisruptions;;Hinweis Bauarbeiten TSV - TFIL;https://assets-ri.extranet.deutschebahn.com/regio_sbahn_stuttgart/2026-02-06/4b28c256-18af-4342-83f5-342bc5f31caareisendenkarte_20260206-171741.png;;1;2026-02-08T16:34:07.354337;8001984, 8005768;2026-02-08T17:39:08.636977
3473f9fa-dddb-4971-a728-414c24bff480;Bad Cannstatt <> Waiblingen/Esslingen: Zug- und Haltausfälle und Ersatzverkehr mit Bussen;In den Nächten 9./10. und 11./12. Februar finden Instandhaltungsarbeiten auf verschiedenen Streckenabschnitten statt.;<p>Es kommt zu folgenden Einschränkungen:</p><p><strong>9./10. Februar, 21.45 bis 0.45 Uhr/4.30 Uhr</strong></p><ul><li><strong>Linie S2</strong> verkehrt nur zwischen Waiblingen und Filderstadt und ohne Halt in Fellbach.</li><li><strong>Linie S2 mit Abfahrt in Schorndorf um 3:48 Uhr</strong> hält nicht in Fellbach.</li><li>Zwischen Schorndorf und Waiblingen fährt ein <strong>Ersatzverkehr mit Bussen (S2E).</strong></li></ul><p><strong>11./12. Februar, 22 bis 4.30 Uhr</strong></p><ul><li><strong>Linie S1 mit Abfahrt in Plochingen um 3.53 Uhr</strong> verkehrt ohne Halt in Mettingen, Untertürkheim, Obertürkheim und Neckarpark. Zwischen Esslingen und Stuttgart Hbf. fährt ein <strong>Ersatzverkehr mit Bussen (S1E)</strong>.</li><li><strong>Die Linien S2 und S3 in Richtung Filderstadt bzw. Flughafen/Messe</strong> verkehren ohne Halt in Sommerrain und Nürnberger Straße. Zwischen Fellbach und Bad Cannstatt / S-Hauptbahnhof fährt ein <strong>Ersatzverkehr mit Bussen (S2E)</strong>.</li></ul><p>Bitte berücksichtigen Sie diese Abweichungen bei Ihrer Reiseplanung und informieren Sie sich vorab über Ihre Reiseverbindungen. Um keine kurzfristigen Änderungen zu verpassen, informieren Sie sich bitte auch unmittelbar vor Fahrtantritt in den digitalen Reiseauskunftsmedien unter bahn.de oder in der App DB Navigator.</p>;S 1, S 2, S 3;2026-02-09T21:30:00;2026-02-12T04:30:00;RisDisruptions;"Fahrplan S2E Schorndorf - Waiblingen 9.-10.2..pdf; Fahrplan S2E Fellbach - Bad Cannstatt - Stuttgart 11.-12.2..pdf; Fahrplan S1E Esslingen - Stuttgart 12.2..pdf";Weiterführende Informationen;https://assets-ri.extranet.deutschebahn.com/regio_sbahn_stuttgart/2026-01-23/d9e6c3b2-0dee-426f-94de-09067af97342reisendenkarte_20260115-164406.png;isWeek;2;2026-02-08T16:34:07.354337;8005772, 8001921, 8001920, 8000180, 8002448, 8005157, 8006277, 8005424, 8005726, 8005769, 8002240, 8004357, 8001785, 8005774, 8005775, 8006485, 8000934, 8001974;2026-02-08T17:39:08.637005
7e6cfd65-5ce4-4b16-86ae-0ac67f9ce0f6;Vaihingen <> Herrenberg: Zugausfälle und Ersatzverkehr mit Bussen;In der Nacht 9./10. Februar, 22 bis 1 Uhr, finden Instandhaltungsarbeiten zwischen Stuttgart-Rohr und Tuttlingen statt. ;<ul><li><strong>Linie S1</strong> verkehrt zwischen S-Vaihingen und Herrenberg nur im Stundentakt.</li><li>Ergänzend fährt stündlich ein Ersatzverkehr mit Bussen (S1E) von S-Vaihingen nach Böblingen (in Böblingen besteht Anschluss an die nachfolgende Linie S1 nach Herrenberg) sowie von Herrenberg nach S-Vaihingen.</li><li>Bitte beachten Sie die früheren Abfahrtszeiten der Busse in Herrenberg.</li></ul><p>Diese Baumaßnahme findet nochmals in den Nächten 9./10. März und 4./5. Mai statt.</p><p>Bitte berücksichtigen Sie diese Abweichungen bei Ihrer Reiseplanung und informieren Sie sich vorab über Ihre Reiseverbindungen. Um keine kurzfristigen Änderungen zu verpassen, informieren Sie sich bitte auch unmittelbar vor Fahrtantritt in den digitalen Reiseauskunftsmedien unter bahn.de oder in der App DB Navigator.</p>;S 1;2026-02-09T22:00:00;2026-02-10T01:00:00;RisDisruptions;Fahrplan S1E Vaihingen - Böblingen_Herrenberg - Vaihingen - Feb.pdf;Weiterführende Informationen;https://assets-ri.extranet.deutschebahn.com/regio_sbahn_stuttgart/2026-01-19/04e6beea-cf63-44b7-a9d7-3ced8c382159reisendenkarte_20251124-133818.png;isInTimeInterval, isWeek;2;2026-02-08T16:34:07.354337;8001689, 8005201, 8002165, 8005776, 8001055, 8002785, 8004490, 8005773, 8003022;2026-02-08T17:39:08.637046
106d2555-8b23-496d-93f4-4c6031d72830;Schleifarbeiten in Stuttgart-Vaihingen: Zugausfälle auf der Linie S3;Im Zeitraum 9. bis 11. Februar finden in Stuttgart-Vaihingen zeitweise Schienenschleifarbeiten statt.;<p><strong>In der Nacht 9./10. Februar, 22 Uhr bis 0.30 Uhr</strong></p><ul><li>Die <strong>Linie S3 Richtung Flughafen/Messe </strong>mit Abfahrt in Bad Cannstatt um 22.11 Uhr, 22.41 Uhr und 23.11 Uhr fällt zwischen Bad Cannstatt und Flughafen/Messe aus.</li><li>Die <strong>Linie S3 Richtung Stuttgart-Vaihingen </strong>mit Abfahrt in Bad Cannstatt um 23.41 Uhr und 0.11 Uhr fällt zwischen Bad Cannstatt und Stuttgart-Vaihingen aus.</li><li>Die <strong>Linie S3 Richtung Backnang</strong> mit Abfahrt in Flughafen/Messe um 22.48 Uhr, 23.18 Uhr und 23.48 Uhr fällt zwischen Flughafen/Messe und Bad Cannstatt aus.</li></ul><p><strong>Am 10. Februar</strong></p><ul><li>Die <strong>Linie S3 Richtung Backnang</strong> mit Abfahrt in Stuttgart-Vaihingen um 0.30 Uhr und 1.00 Uhr fällt zwischen Stuttgart-Vaihingen und Bad Cannstatt aus.</li><li>Die <strong>Linie S3 Richtung Stuttgart-Vaihingen </strong>mit Abfahrt in Bad Cannstatt um 23.41 Uhr fällt zwischen Bad Cannstatt und Stuttgart-Vaihingen aus.</li></ul><p><strong>Am 11. Februar</strong></p><ul><li>Die <strong>Linie S3 Richtung Backnang</strong> mit Abfahrt in Stuttgart-Vaihingen um 0.30 Uhr fällt zwischen Stuttgart-Vaihingen und Bad Cannstatt aus.</li></ul><p>Bitte nutzen Sie alternativ die Linie S2.</p><p>Bitte berücksichtigen Sie diese Abweichungen bei Ihrer Reiseplanung und informieren Sie sich vorab über Ihre Reiseverbindungen. Um keine kurzfristigen Änderungen zu verpassen, informieren Sie sich bitte auch unmittelbar vor Fahrtantritt in den digitalen Reiseauskunftsmedien unter bahn.de oder in der App DB Navigator.</p>;S 3;2026-02-09T22:30:00;2026-02-11T03:30:00;RisDisruptions;;Weiterführende Informationen;https://assets-ri.extranet.deutschebahn.com/regio_sbahn_stuttgart/2026-01-19/8cd2bcb8-f7fa-4ee7-bd0b-27c7afc3a4f9reisendenkarte_20260115-101638.png;isWeek;2;2026-02-08T16:34:07.354337;8001650, 8006698, 8005773, 8005779, 8005776, 8006700, 8003622, 8006513, 8098096, 8005768, 8006699, 8004496, 8005769;2026-02-08T17:39:08.637076
cf9bba6f-34f3-4a11-a00c-08f1a26f3676;Esslingen(N) <> Bad Cannstatt: Haltausfälle und Ersatzverkehr mit Bussen;In der Nacht 12./13. Februar 2026, von 22 Uhr und 5 Uhr finden zwischen Esslingen(N) und Bad Cannstatt Instandhaltungsarbeiten statt.;"<ul><li>Die Linie S1 Richtung Herrenberg mit Abfahrt in Esslingen(N) um 20.18 Uhr, 22.48 Uhr, 23.18 Uhr, 23.48 Uhr, 0.18 Uhr, 0.48 Uhr, 4.03 Uhr und 4.33 Uhr hält nicht in Mettingen, Obertürkheim, Untertürkheim und Neckarpark.</li><li>Bitte nutzen Sie als Ersatz die Züge der Gegenrichtung bzw. die Linienbusse der SSB und des SVE.</li></ul><p>Bitte beachten Sie: Die S1 Richtung Herrenberg mit Abfahrt um 22.48 Uhr ab Esslingen(N) verkehrt baustellenbedingt nur bis Stuttgart-Vaihingen.</p><p>Bitte berücksichtigen Sie diese Abweichungen bei Ihrer Reiseplanung und informieren Sie sich vorab über Ihre Reiseverbindungen. Um keine kurzfristigen Änderungen zu verpassen, informieren Sie sich bitte auch unmittelbar vor Fahrtantritt in den digitalen Reiseauskunftsmedien unter&nbsp;bahn.de&nbsp;oder in der App DB Navigator.</p>";S 1;2026-02-12T22:00:00;2026-02-13T05:00:00;RisDisruptions;;Weiterführende Informationen;https://assets-ri.extranet.deutschebahn.com/regio_sbahn_stuttgart/2026-01-19/3a53568a-fffb-4d4d-a7bd-f741890b705areisendenkarte_20260119-091003.png;isInTimeInterval, isWeek;2;2026-02-08T16:34:07.354337;8005772, 8006743, 8001920, 8005775, 8001921, 8005769;2026-02-08T17:39:08.637116
009b4e9d-5941-4a8c-88d4-d14c45f19f29;Backnang <> Waiblingen: Zugausfälle und Ersatzverkehr mit Bussen;In der Nacht 12./13. Februar finden zwischen Backnang und Waiblingen Instandhaltungsarbeiten statt;<ul><li><strong>Linie S3</strong> verkehrt nur zwischen Waiblingen und Flughafen/Messe.</li><li>Zwischen Waiblingen und Backnang fährt ein <strong>Ersatzverkehr mit Bussen (S3E)</strong>.</li></ul><p>Bitte berücksichtigen Sie diese Abweichungen bei Ihrer Reiseplanung und informieren Sie sich vorab über Ihre Reiseverbindungen. Um keine kurzfristigen Änderungen zu verpassen, informieren Sie sich bitte auch unmittelbar vor Fahrtantritt in den digitalen Reiseauskunftsmedien unter bahn.de oder in der App DB Navigator.</p>;S 3;2026-02-12T22:00:00;2026-02-13T00:45:00;RisDisruptions;Fahrplan S3E Backnang - Waiblingen.pdf;Weiterführende Informationen;https://assets-ri.extranet.deutschebahn.com/regio_sbahn_stuttgart/2026-02-02/f4071603-7aef-4827-b50f-05b2c9ae48bfreisendenkarte_20260119-134718.png;isInTimeInterval, isWeek;2;2026-02-08T16:34:07.354337;8000180, 8004233, 8006479, 8000016, 8004333, 8003913, 8005454;2026-02-08T17:39:08.637147
1b12f384-daa5-4f1d-9186-4a6791fe12a7;Ludwigsburg <> Backnang: Zugausfälle und Ersatzverkehr mit Bussen;In den Nächten 13./14. Februar bis 18./19. Februar, jeweils ca. 20.30 bis 1 Uhr finden Instandhaltungsarbeiten zwischen Ludwigsburg und Backnang statt.  ;<ul><li><strong>Linie S4 </strong>verkehrt nur zwischen S-Schwabstraße und Ludwigsburg, einzelne Züge verkehren bis Marbach.</li><li>Es fährt ein <strong>Ersatzverkehr mit Bussen </strong>zwischen Ludwigsburg und Marbach (S4E) sowie zwischen Marbach und Backnang (S4E).</li></ul><p><strong>Bitte beachten Sie, dass in der Nacht 16./17. auch die Relation zwischen S-Schwabstraße und S-Hauptbahnhof </strong>wegen einer weiteren Baustelle von Einschränkungen <strong>betroffen ist</strong>.</p><p>Bitte berücksichtigen Sie diese Abweichungen bei Ihrer Reiseplanung und informieren Sie sich vorab über Ihre Reiseverbindungen. Um keine kurzfristigen Änderungen zu verpassen, informieren Sie sich bitte auch unmittelbar vor Fahrtantritt in den digitalen Reiseauskunftsmedien unter bahn.de oder in der App DB Navigator.</p>;S 4;2026-02-13T20:30:00;2026-02-19T01:00:00;RisDisruptions;Fahrplan S4E Backnang - Marbach - Ludwigsburg.pdf;Hier finden Sie weitere Informationen:;https://assets-ri.extranet.deutschebahn.com/regio_sbahn_stuttgart/2026-01-29/06315e18-a979-4514-a5c3-98668d40a13freisendenkarte_20260126-100207.png;;2;2026-02-08T16:34:07.354337;8003266, 8002065, 8000016, 8000873, 8001296, 8001967, 8003853, 8001827, 8000235;2026-02-08T17:39:08.637171
303f6dcd-99a6-4cb4-b0ca-f2f661bd1de9;Stuttgart-Vaihingen <> Böblingen: Zugausfälle und Ersatzverkehr mit Bussen;Von 13. Februar bis 23. Februar 2026 kommt es jeweils von Freitag, 21 Uhr bzw. Samstag, ca. 8 Uhr bis Montag, 5 Uhr durchgehend zu folgenden Einschränkungen. Grund sind Arbeiten an der Leit- und Sicherungstechnik für den Digitalen Knoten Stuttgart.;"<p><strong>13. bis 16. Februar und 20. bis 23. Februar,&nbsp;</strong>jeweils&nbsp;<strong>von Freitag, 21 Uhr bis Montag, 5 Uhr</strong>&nbsp;durchgehend</p><ul><li>Die <strong>Linie S1 </strong>fällt zwischen Stuttgart-Vaihingen und Herrenberg aus und verkehrt im 30-Minuten-Takt. An den Samstagen ergänzen tagsüber zusätzliche Fahrten der S1 zwischen Plochingen und Stuttgart Schwabstraße den S1-Verkehr zum üblichen 15-Minuten-Takt.</li><li>Die <strong>Linie S60</strong> fällt zwischen Böblingen und Renningen/Schwabstraße aus.</li><li><strong>Als Ersatz verkehrt die Linie S61 zu folgenden Zeiten</strong>:<ul><li>an den betr. Freitagen ab 21 Uhr sowie an den betr. Samstagen und Sonntagen zwischen ca. 20 Uhr und 8 Uhr zwischen Renningen und Herrenberg</li><li>an den betr.&nbsp;<strong>Samstagen</strong>&nbsp;zwischen ca. 8 Uhr und 20 Uhr zwischen Schwabstraße und Herrenberg</li><li>an den betr.&nbsp;<strong>Sonntagen</strong>&nbsp;zwischen ca. 8 Uhr und 20 Uhr zwischen Feuerbach (Gl. 1a) und Herrenberg</li></ul></li><li>Die Linie S6 verkehrt nur im 30-Minuten-Takt.</li></ul><p><strong>Ersatzverkehr mit Bussen der S-Bahn Stuttgart:</strong></p><ul><li>S1E Stuttgart-Vaihingen, ZOB Pos. 1. – Böblingen, ZOB, Bussteig 8</li></ul><p><strong>Ersatzverkehr mit Bussen der DB Regio Baden-Württemberg:</strong></p><ul><li>XEV (Bus RE14b) Böblingen, Bahnhof (Flugfeld) – Stuttgart, Pariser Platz über Stuttgart, Marienstraße</li></ul><p>Bitte berücksichtigen Sie diese Abweichungen bei Ihrer Reiseplanung und informieren Sie sich vorab über Ihre Reiseverbindungen. Um keine kurzfristigen Änderungen zu verpassen, informieren Sie sich bitte auch unmittelbar vor Fahrtantritt in den digitalen Reiseauskunftsmedien unter&nbsp;bahn.de&nbsp;oder in der App DB Navigator.</p>";S 6, S 60, S 1, S 61;2026-02-13T21:00:00;2026-02-23T05:00:00;RisDisruptions;Fahrplan Ersatzverkehr S1E.pdf;Weitere Informationen;https://assets-ri.extranet.deutschebahn.com/regio_sbahn_stuttgart/2026-01-13/39f04e54-9731-4f2c-b40e-0b3c0a79aef4reisendenkarte_20260105-133039.png;;2;2026-02-08T16:34:07.354337;8005201, 8001689, 8002165, 8005776, 8001055, 8002785, 8006268, 8005236, 8005778, 8001476, 8006700, 8003831, 8006699, 8005767, 8004338, 8003652, 8098096, 8005770, 8005574, 8003808, 8005001, 8003834, 8003807, 8005773, 8004490, 8003022, 8003409, 8000313, 8002892, 8006271, 8006698;2026-02-08T17:39:08.637201
0d5ab3a0-680c-4a74-a540-fb0cef5c9c70;Böblingen <> Renningen/Sindelfingen: Zug-/Haltausfälle und Ersatzverkehr mit Bussen ;In der Nacht 17./18. Februar, ca. 21.30 bis ca. 5.15 Uhr, finden zwischen Böblingen und Renningen Instandhaltungsarbeiten statt.;<ul><li><strong>Linie S60 </strong>entfällt im Zeitraum von ca. 21.30 bis 1.00 Uhr zwischen Renningen und Böblingen.</li><li>Zwischen Renningen und Böblingen fährt ein <strong>Ersatzverkehr mit Bussen (S60E)</strong> mit allen Zwischenhalten.</li><li><strong>Zusätzlich verkehrt Linie S60 mit eigentlicher Abfahrt in Böblingen um 5.04 Uhr </strong>nur zwischen Sindelfingen und Renningen. Zwischen Böblingen und Sindelfingen fährt ein Ersatzverkehr mit Bussen. Bitte beachten Sie die frühere Abfahrt des Busses in Böblingen.</li></ul><p>Diese Baumaßnahme findet nochmals in den Nächten 17./18. März, 14./15. April, 12./13. Mai sowie 9./10. Juni statt.</p><p>Bitte berücksichtigen Sie diese Abweichungen bei Ihrer Reiseplanung und informieren Sie sich vorab über Ihre Reiseverbindungen. Um keine kurzfristigen Änderungen zu verpassen, informieren Sie sich bitte auch unmittelbar vor Fahrtantritt in den digitalen Reiseauskunftsmedien unter bahn.de oder in der App DB Navigator.</p>;S 60;2026-02-17T21:30:00;2026-02-18T05:15:00;RisDisruptions;Fahrplan S60E Böblingen-Sindelfingen-Renningen - Feb.pdf;Weiterführende Informationen;https://assets-ri.extranet.deutschebahn.com/regio_sbahn_stuttgart/2026-01-21/3854bd49-282f-4304-a59a-3cec5e99d5d3reisendenkarte_20251211-152121.png;isInTimeInterval, isWeek;2;2026-02-08T16:34:07.354337;8003834, 8005574, 8001055, 8003807, 8003808, 8005001, 8000313;2026-02-08T17:39:08.637251
3c01e2c1-8321-4e6a-95cf-0f6fcd14cdf6;Ludwigsburg <> Backnang/Marbach sowie S-Hauptbahnhof <> Ludwigsburg: Zugausfälle und Ersatzverkehr mit Bussen;In der Nacht 19./20. Februar, ca. 21.00 und 4.30 Uhr, finden Instandhaltungsarbeiten auf der Linie S4 statt. ;<p><strong>Es kommt zu folgenden Einschränkungen:</strong></p><ul><li><strong>Linie S4</strong> mit eigentlicher Abfahrt in Backnang um 21.03 Uhr verkehrt nur zwischen Ludwigsburg und S-Schwabstraße. Alle nachfolgenden S-Bahnen der Linie S4 in Richtung S-Schwabstraße verkehren bis ca. 4.30 Uhr nur stündlich und nur zwischen Marbach und Ludwigsburg.</li><li><strong>Linie S4 </strong>mit Abfahrt in S-Schwabstraße um 20.32 und 21.02 verkehrt nur bis Ludwigsburg. Ab 22 Uhr verkehren die S-Bahnen der Linie S4 in Richtung Marbach nur noch zwischen Ludwigsburg und Marbach und zu folgenden Abfahrtszeiten in Ludwigsburg: 22.54, 23.54, 0.54 und 1.24 Uhr.</li><li>Auf den Relationen Backnang und Marbach sowie Marbach und Ludwigsburg fährt jeweils ein <strong>Ersatzverkehr mit Bussen (S4E) </strong>.</li><li><strong>Linie S5 in Richtung S-Schwabstraße </strong>verkehrt nur zwischen Bietigheim und S-Hauptbahnhof (oben) sowie ab ca. 21.45 Uhr ohne Halt in Feuerbach und Nordbahnhof.</li><li><strong>Linie S6 </strong>verkehrt zwischen 22 und 4.30 Uhr in beiden Richtungen nur zwischen Feuerbach und Weil der Stadt.</li></ul><p>Bitte berücksichtigen Sie diese Abweichungen bei Ihrer Reiseplanung und informieren Sie sich vorab über Ihre Reiseverbindungen. Um keine kurzfristigen Änderungen zu verpassen, informieren Sie sich bitte auch unmittelbar vor Fahrtantritt in den digitalen Reiseauskunftsmedien unter bahn.de oder in der App DB Navigator.</p>;S 4, S 5, S 6;2026-02-19T20:30:00;2026-02-20T04:30:00;RisDisruptions;Fahrplan S4E Backnang - Marbach - Ludwigsburg.pdf;Hier finden Sie weitere Informationen:;https://assets-ri.extranet.deutschebahn.com/regio_sbahn_stuttgart/2026-01-29/b510d8e8-049d-4a90-b6a8-69fcfc0ca0d9reisendenkarte_20260121-150101.png;isInTimeInterval, isWeek;2;2026-02-08T16:34:07.354337;8006698, 8003266, 8002065, 8000016, 8006700, 8000873, 8001296, 8001967, 8003853, 8001827, 8006699, 8098096, 8000235;2026-02-08T17:39:08.637284
1b950992-ad9d-4a3d-97b6-1e2ea1a1b11e;Stuttgart-Vaihingen <> Filderstadt: Zugausfälle und Ersatzverkehr mit Bussen;In der Nacht 23./24. Februar 2026, von 22 Uhr bis 4 Uhr finden zwischen Stuttgart-Vaihingen und Filderstadt Instandhaltungsarbeiten statt.;"<ul><li>Die <strong>Linie S2</strong> fällt zwischen Stuttgart-Vaihingen und Filderstadt aus.</li><li>Die <strong>Linie S3 </strong>fällt zwischen Stuttgart-Vaihingen und Flughafen/Messe aus.</li><li><strong>Ersatzverkehr mit Bussen (S2E) </strong>zwischen Stuttgart-Vaihingen und Flughafen/Messe bzw. Filderstadt.</li></ul><p>Bitte berücksichtigen Sie diese Abweichungen bei Ihrer Reiseplanung und informieren Sie sich vorab über Ihre Reiseverbindungen. Um keine kurzfristigen Änderungen zu verpassen, informieren Sie sich bitte auch unmittelbar vor Fahrtantritt in den digitalen Reiseauskunftsmedien unter&nbsp;bahn.de&nbsp;oder in der App DB Navigator.</p>";S 2, S 3;2026-02-23T22:00:00;2026-02-24T04:00:00;RisDisruptions;Fahrplan Ersatzverkehr S2E.pdf;Weiterführende Informationen;https://assets-ri.extranet.deutschebahn.com/regio_sbahn_stuttgart/2026-01-30/3fbd3b6b-2b2e-47d4-a6d3-85aa9623eab2reisendenkarte_20260126-152125.png;isInTimeInterval, isWeek;2;2026-02-08T16:34:07.354337;8005768, 8001650, 8004496, 8005773, 8003622, 8005776;2026-02-08T17:39:08.637326
907af6ed-5295-49d9-8633-63b7c996c1bd;Bad Cannstatt <> Waiblingen, Bad Cannstatt <> Esslingen (N), Bad Cannstatt <> Stuttgart Hbf: Zugausfälle und Ersatzverkehr mit Bussen ;Die DB setzt im Bereich von Stuttgart-Bad Cannstatt die Arbeiten für den zukünftig digitalen Zugbetrieb aus dem vergangenen Dezember fort. Es kommt zu folgenden Einschränkungen:;"<p><strong>Dienstag, 24.02., 1.30 Uhr bis Mittwoch, 25.03.2026, 1.30 Uhr</strong></p><ul><li>Die S-Bahnen der Linie S2 fallen zwischen Bad Cannstatt und Waiblingen aus.</li><li>Die S-Bahnen der Linie S3 fallen zwischen Bad Cannstatt und Fellbach aus.</li><li>Als Ersatz fahren:<ul><li>Busse der Linie S2E zwischen Bad Cannstatt, Bahnhof, Pos. 3 und Waiblingen, Dammstraße mit Halt in Nürnberger Straße, Sommerrain und Fellbach</li><li>Busse der Linie S2X zwischen Bad Cannstatt, Bahnhof, Pos. 2. und Waiblingen, Dammstraße ohne Zwischenhalt</li><li>Busse der Linie XEV zwischen Stuttgart Hbf, Arnulf-Klett-Platz, Pos. 3. und Waiblingen, Dammstraße ohne Zwischenhalt</li></ul></li></ul><p><strong>Bitte beachten Sie:</strong></p><ul><li>In den Nächten 2./3. März, 3./4. März und 4./5. März 2026, jeweils von 22 Uhr bis 4.30 Uhr kommt es auf den Linien S1-S6 zu weiteren Einschränkungen und einem Ersatzverkehr mit Bussen. Bitte beachten Sie hierzu die separaten Baustellenmeldungen auf unserer Betriebslage-Seite.</li><li>Von Samstag, 7. März, 1.30 Uhr bis Mittwoch, 11. März, 1.30 Uhr, fallen die S-Bahnen der Linie S2 zwischen Filderstadt und Bad Cannstatt und der S3 zwischen Flughafen/Messe und Bad Cannstatt aus. Als Ersatz verkehren S-Bahnen der Baustellenlinie S24 im 30-Minuten-Takt zwischen Filderstadt und Marbach(N) über Stuttgart Hbf (tief). Der Ersatzverkehr mit Bussen der Linie S2E Waiblingen – Bad Cannstatt wird von und nach Stuttgart Hbf verlängert. Bitte beachten Sie hierzu die separaten Baustellenmeldungen auf unserer Betriebslage-Seite.</li><li>Von Samstag, 28. Februar, 1.30 Uhr, bis Mittwoch, 11. März 2026, 1.30 Uhr, kommt es auch auf der Linie S1 zwischen Bad Cannstatt und Esslingen(N) zu Haltausfällen und einem Ersatzverkehr mit Bussen. Bitte beachten Sie hierzu die separaten Baustellenmeldungen auf unserer Betriebslage-Seite.</li><li>Von Dienstag, 24.02., 1.30 Uhr bis Mittwoch, 25.03.2026, 1.30 Uhr, fallen aufgrund von Umleitungen im Fern- und Regionalverkehr die S-Bahnen der Linie S4 zwischen Marbach(N) und Backnang aus. Zwischen Marbach(N) und Backnang verkehren Busse als Ersatz (Linie S4E). Bitte beachten Sie hierzu die separaten Baustellenmeldungen auf unserer Betriebslage-Seite.</li></ul><p>Bitte berücksichtigen Sie diese Abweichungen bei Ihrer Reiseplanung und informieren Sie sich vorab über Ihre Reiseverbindungen. Um keine kurzfristigen Änderungen zu verpassen, informieren Sie sich bitte auch unmittelbar vor Fahrtantritt in den digitalen Reiseauskunftsmedien unter&nbsp;bahn.de&nbsp;oder in der App DB Navigator.</p>";S 2, S 3;2026-02-24T01:30:00;2026-03-25T01:30:00;RisDisruptions;;Weiterführende Informationen;https://assets-ri.extranet.deutschebahn.com/regio_sbahn_stuttgart/2026-02-06/95394232-b692-4439-a3b8-310a1cae67dbreisendenkarte_20260129-130636.png;;2;2026-02-08T16:34:07.354337;8000180, 8002448, 8001974, 8005157, 8006277, 8006700, 8001650, 8006699, 8005768, 8005773, 8005424, 8005726, 8005769, 8002240, 8005779, 8004357, 8003622, 8001785, 8006513, 8005774, 8006485, 8098096, 8000934, 8006698, 8001984, 8005776, 8004496;2026-02-08T17:39:08.637353
c03e59a7-31a3-4f57-b99c-349b6292d2e1;Marbach(N) <> Backnang: Zugausfälle und Ersatzverkehr mit Bussen;Von Dienstag, 24. Februar, 1.30 Uhr bis Mittwoch, 25. März 2026, 1.30 Uhr kommt es aufgrund von Umleitungen im Fern- und Regionalverkehr über die kleine Murrbahn zu folgenden Einschränkungen:;"<ul><li>Die S-Bahnen der Linie S4 fallen zwischen Marbach(N) und Backnang aus.</li><li>Zwischen Marbach (N) und Backnang fahren Busse der Linie S4E als Ersatz.</li></ul><p><strong>Bitte beachten Sie:</strong></p><ul><li>Von Dienstag, 24. Februar, 1.30 Uhr, bis Mittwoch, 25. März 2026, 1.30 Uhr, setzt die DB im Bereich von Stuttgart-Bad Cannstatt die Arbeiten für den zukünftig digitalen Zugbetrieb aus dem vergangenen Dezember fort. Zwischen Bad Cannstatt und Fellbach ist daher kein Zugverkehr möglich. Die S-Bahnen der Linie S2 fallen zwischen Bad Cannstatt und Waiblingen und die S-Bahnen der Linie S3 zwischen Bad Cannstatt und Fellbach aus. Als Ersatz fahren Busse der Linie S2E und S2X. Bitte beachten Sie hierzu die separaten Baustellenmeldungen auf unserer Betriebslage-Seite.</li><li>Von Samstag, 7. März, 1.30 Uhr, bis Mittwoch, 11. März, 1.30 Uhr, verkehren die S-Bahnen der Linie S4 nur im 30-Minuten-Takt und werden durch die Baustellenlinie S24 Marbach(N)–Filderstadt zum 15-Minuten-Takt ergänzt. Bitte beachten Sie hierzu die separaten Baustellenmeldungen auf unserer Betriebslage-Seite.</li><li>In den Nächten 2./3. März, 3./4. März und 4./5. März 2026, jeweils von 22 Uhr bis 4.30 Uhr, kommt es auf den Linien S1-S6 zu weiteren Einschränkungen und Ersatzverkehr mit Bussen. Bitte beachten Sie hierzu die separaten Baustellenmeldungen auf unserer Betriebslage-Seite.</li></ul><p>Bitte berücksichtigen Sie diese Abweichungen bei Ihrer Reiseplanung und informieren Sie sich vorab über Ihre Reiseverbindungen. Um keine kurzfristigen Änderungen zu verpassen, informieren Sie sich bitte auch unmittelbar vor Fahrtantritt in den digitalen Reiseauskunftsmedien unter&nbsp;bahn.de&nbsp;oder in der App DB Navigator.</p>";S 4;2026-02-24T01:30:00;2026-03-25T01:30:00;RisDisruptions;;Weiterführende Informationen;https://assets-ri.extranet.deutschebahn.com/regio_sbahn_stuttgart/2026-02-03/552a73ce-83b0-4274-970d-e9734df7f998reisendenkarte_20260129-133127.png;;2;2026-02-08T16:34:07.354337;8002065, 8005778, 8000873, 8006700, 8001967, 8006699, 8005767, 8003411, 8000096, 8005770, 8098096, 8000235, 8006698, 8003853, 8005776;2026-02-08T17:39:08.637413
6a45085d-df0e-4408-93d5-8ff94002f53a;S-Hauptbahnhof <> S-Nordbahnhof: Haltausfälle;Am 25. Februar, zwischen 3 - 4 Uhr, finden Brückenprüfungen zwischen S-Hauptbahnhof und S-Nordbahnhof statt. ;<ul><li><strong>Linie S4 mit Abfahrt in Marbach um 3.55 Uhr </strong>(Flughafenfrühanbindung) verkehrt ohne Halt in Feuerbach und Nordbahnhof bis S-Hauptbahnhof (oben) und von dort weiter ohne Halt bis S-Vaihingen. In Vaihingen besteht dann wieder Anschluss an die Linie S3 nach Flughafen/Messe (Flughafenfrühanbindung).</li><li><strong>Linie S5 mit Abfahrt in Bietigheim um 3.53 Uhr </strong>(Flughafenfrühanbindung) verkehrt ohne Halt in Feuerbach und Nordbahnhof und endet in S-Hauptbahnhof (oben).</li><li><strong>Linie S6 mit Abfahrt in Weil der Stadt um 3.48 Uhr </strong>(Flughafenfrühanbindung) endet in Feuerbach.</li></ul><p>Bitte berücksichtigen Sie diese Abweichungen bei Ihrer Reiseplanung und informieren Sie sich vorab über Ihre Reiseverbindungen. Um keine kurzfristigen Änderungen zu verpassen, informieren Sie sich bitte auch unmittelbar vor Fahrtantritt in den digitalen Reiseauskunftsmedien unter bahn.de oder in der App DB Navigator.</p>;S 4, S 5, S 6;2026-02-25T03:00:00;2026-02-25T04:00:00;RisDisruptions;;Weiterführende Informationen;https://assets-ri.extranet.deutschebahn.com/regio_sbahn_stuttgart/2026-02-01/71f07294-0f3f-496f-8983-d8360bf6c66freisendenkarte_20260127-094514.png;isInTimeInterval, isWeek;2;2026-02-08T16:34:07.354337;8000235, 8003411, 8005778, 8000873, 8001967, 8003853, 8002065, 8000096, 8005770, 8098096, 8006699, 8005820, 8006700, 8005767, 8000630, 8000038, 8000313, 8006271, 8006268, 8002892, 8003409, 8005236, 8001476, 8003831, 8004338, 8003652, 8005776, 8006698;2026-02-08T17:39:08.637458
c7404612-1d2c-4825-a556-82e9bcfcb74c;S-Vaihingen <> Böblingen und Böblingen <> Herrenberg: Zugausfälle und Ersatzverkehr mit Bussen;In den Nächten 26./27. Februar und 27./28. Februar, jeweils von 22 Uhr bis 5 Uhr, finden zwischen Stuttgart-Vaihingen und Böblingen Instandhaltungsarbeiten statt.;"<p>Es kommt zu folgenden Einschränkungen:</p><p><strong>In der Nacht 26./27. Februar, 22 bis 5 Uhr</strong></p><ul><li>Die&nbsp;<strong>Linie S1 entfällt alle 60 Minuten zwischen S-Vaihingen und Böblingen. Dies betrifft:</strong><ul><li>die&nbsp;<strong>Linie S1 Richtung Herrenberg&nbsp;</strong>mit Abfahrt in Stuttgart-Vaihingen um 22.50 Uhr, 23.50 Uhr und 0.50 Uhr sowie</li><li>die&nbsp;<strong>Linie S1 Richtung Kirchheim (T)&nbsp;</strong>mit Abfahrt in Böblingen um 22.30 Uhr, 23.30 Uhr und 0.30 Uhr.</li></ul></li><li>Es fährt ein <strong>Ersatzverkehr mit Bussen (S1E)</strong>&nbsp;zwischen S-Vaihingen und Böblingen.</li></ul><p><strong>In der Nacht 27./28. Februar, 22 bis 5 Uhr</strong></p><ul><li>Die <strong>Linie S1</strong> entfällt zwischen Böblingen und Herrenberg.</li><li>Es fährt ein <strong>Ersatzverkehr mit Bussen (S1E)</strong> zwischen Böblingen und Herrenberg.</li></ul><p>Bitte berücksichtigen Sie diese Abweichungen bei Ihrer Reiseplanung und informieren Sie sich vorab über Ihre Reiseverbindungen. Um keine kurzfristigen Änderungen zu verpassen, informieren Sie sich bitte auch unmittelbar vor Fahrtantritt in den digitalen Reiseauskunftsmedien unter&nbsp;bahn.de&nbsp;oder in der App DB Navigator.</p>";S 1;2026-02-26T22:00:00;2026-02-28T05:00:00;RisDisruptions;Fahrplan S1E Vaihingen - Böblingen - Herrenberg_Feb.pdf;;https://assets-ri.extranet.deutschebahn.com/regio_sbahn_stuttgart/2026-02-08/8dc947a7-561b-41c0-b195-27ba7addd346reisendenkarte_20260127-162401.png;;2;2026-02-08T16:34:07.354337;8005201, 8001689, 8002165, 8005776, 8001055, 8002785, 8005773, 8004490, 8003022;2026-02-08T17:39:08.637496
91f58bbe-8f4f-4eac-84d9-4546e125a579;Renningen <> Böblingen: Zugausfälle und Ersatzverkehr mit Bussen;Am 28. Februar finden zwischen 1 und 4 Uhr Oberleitungsarbeiten in Sindelfingen statt.;<ul><li><strong>Linie S60 </strong>entfällt zwischen Renningen und Böblingen.</li><li>Zwischen Renningen und Böblingen fährt ein <strong>Ersatzverkehr mit Bussen (S60E)</strong>.</li></ul><p>Bitte berücksichtigen Sie diese Abweichungen bei Ihrer Reiseplanung und informieren Sie sich vorab über Ihre Reiseverbindungen. Um keine kurzfristigen Änderungen zu verpassen, informieren Sie sich bitte auch unmittelbar vor Fahrtantritt in den digitalen Reiseauskunftsmedien unter bahn.de oder in der App DB Navigator.</p>;S 60;2026-02-28T01:00:00;2026-02-28T04:00:00;RisDisruptions;Fahrplan S60E Renningen - Böblingen.pdf;Weiterführende Informationen;https://assets-ri.extranet.deutschebahn.com/regio_sbahn_stuttgart/2026-02-01/7983e04f-487b-4c04-a950-fe11603c720creisendenkarte_20260130-125914.png;isInTimeInterval, isWeekend;2;2026-02-08T16:34:07.354337;;2026-02-08T17:39:08.637533
8760dc80-ed56-47e6-bbce-5b71cb3bcefa;Bad Cannstatt <> Esslingen(N): Haltausfälle und Ersatzverkehr mit Bussen;Die DB setzt im Bereich von Stuttgart-Bad Cannstatt die Arbeiten für den zukünftig digitalen Zugbetrieb aus dem vergangenen Dezember fort. Es kommt zu folgenden Einschränkungen:;"<p><strong>Samstag, 28.02., 1.30 Uhr bis Mittwoch, 11.03.2026, 1.30 Uhr</strong></p><ul><li>Die S-Bahnen der <strong>Linie S1 Richtung Herrenberg </strong>halten nicht in Obertürkheim, Untertürkheim und Neckarpark.</li><li>Die S-Bahnen der <strong>Linie S1 Richtung Kirchheim(T)</strong> halten nicht in Neckarpark und Obertürkheim.</li><li>Die Züge der Linie S1 verkehren nur im 30-Minuten-Takt und werden montags bis samstags tagsüber zwischen Stuttgart-Vaihingen und Herrenberg durch weitere Fahrten zum 15-Minutentakt ergänzt.</li><li>Zwischen Bad Cannstatt und Esslingen(N) fahren als Ersatz Busse der Linie S1E über Neckarpark, Untertürkheim, Obertürkheim und Mettingen.</li></ul><p><strong>Bitte beachten Sie:</strong></p><ul><li>Von Dienstag, 24. Februar, 1.30 Uhr, bis Mittwoch, 25. März 2026, 1.30 Uhr, kommt es aufgrund der Arbeiten für den Digitalen Knoten Stuttgart zu Zugausfällen und Ersatzverkehr mit Bussen auf der Linie S2 zwischen Bad Cannstatt und Waiblingen und auf der Linie S3 zwischen Bad Cannstatt und Fellbach. Bitte beachten Sie hierzu die separaten Baustellenmeldungen auf unserer Betriebslage-Seite.</li><li>Von 28. Februar bis 25. März 2026 fällt die RB11 ""Schusterbahn"" zwischen Stuttgart-Untertürkheim und Kornwestheim Pbf aus. Bitte beachten Sie hierzu die separaten Baustellenmeldungen auf unserer Betriebslage-Seite.</li><li>In den Nächten 2./3. März, 3./4. März und 4./5. März 2026, jeweils von 22 Uhr bis 4.30 Uhr, kommt es auf den Linien S1-S6 zu weiteren Einschränkungen und einem Ersatzverkehr mit Bussen. Bitte beachten Sie hierzu die separaten Baustellenmeldungen auf unserer Betriebslage-Seite.</li><li>Von Samstag, 7. März, 1.30 Uhr, bis Mittwoch, 11. März, 1.30 Uhr, fallen die S-Bahnen der Linie S2 zwischen Filderstadt und Bad Cannstatt aus. Als Ersatz verkehren die S-Bahnen der Baustellenlinie S24 zwischen Filderstadt und Marbach(N) über Stuttgart Hbf (tief). Der Ersatzverkehr mit Bussen der Linie S2E Waiblingen–Bad Cannstatt wird von und nach Stuttgart Hbf, Arnulf-Klett-Platz verlängert. Bitte beachten Sie hierzu die separaten Baustellenmeldungen auf unserer Betriebslage-Seite.</li><li>Von Sonntag, 8. März, 16 Uhr, bis Montag, 9. März, 4 Uhr, fallen die S-Bahnen der Linie S1 zwischen Stuttgart-Obertürkheim und Bad Cannstatt aus. Als Ersatz nutzen Sie bitte den Ersatzverkehr mit Bussen (Linie S1E) zwischen Esslingen(N) und Bad Cannstatt. Zeitgleich kommt es auch im Regionalverkehr (Linien RE5, RE6, MEX12, MEX16 und MEX18) zu umfangreichen Einschränkungen sowie einem Ersatzverkehr mit Bussen im 5-Minuten-Takt zwischen Plochingen und Stuttgart, Pariser Platz.</li><li>In den Nächten 21./22. März und 22./23. März 2026, jeweils von 19 Uhr bis 4 Uhr, fallen die S-Bahnen der Linie S1 zwischen Esslingen(N) und Stuttgart-Vaihingen aus. Der Ersatzverkehr mit Bussen (Linie S1E) zwischen Esslingen(N) und Bad Cannstatt wird von und nach Stuttgart Hbf, Arnulf-Klett-Platz verlängert.</li></ul><p>Bitte berücksichtigen Sie diese Abweichungen bei Ihrer Reiseplanung und informieren Sie sich vorab über Ihre Reiseverbindungen. Um keine kurzfristigen Änderungen zu verpassen, informieren Sie sich bitte auch unmittelbar vor Fahrtantritt in den digitalen Reiseauskunftsmedien unter&nbsp;bahn.de&nbsp;oder in der App DB Navigator.</p>";S 1;2026-02-28T01:30:00;2026-03-11T01:30:00;RisDisruptions;;Weiterführende Informationen;https://assets-ri.extranet.deutschebahn.com/regio_sbahn_stuttgart/2026-02-06/4b5ae3a9-4543-4be6-ae5b-47c978698e07reisendenkarte_20260129-144159.png;;2;2026-02-08T16:34:07.354337;8005775, 8005769, 8006743, 8001920, 8005772, 8001921;2026-02-08T17:39:08.637556
53fea64a-fee7-4428-b518-fce5f7757478;Untertürkheim <> Kornwestheim: Ausfall der Linie RB11;Aufgrund von Arbeiten für den Digitalen Knoten Stuttgart kommt es von 2. März bis 25. März, jeweils montags bis freitags von 5.45 Uhr bis 18.30 Uhr zu folgenden Einschränkungen auf der Linie RB11:;"<ul><li>Die Linie RB 11 ""Schusterbahn"" fällt zwischen Stuttgart-Untertürkheim und Kornwestheim Pbf aus.</li><li>Alternative Reisemöglichkeit: Umstieg auf die S-Bahn-Linien S1 und S4 bzw. S5 oder innerstädtische Stadtbahn- und Busverbindungen.</li></ul><p><strong>Bitte beachten Sie:</strong></p><ul><li>Von Dienstag, 24. Februar, 1.30 Uhr bis Mittwoch, 25. März 2026, 1.30 Uhr setzt die DB im Bereich von Stuttgart-Bad Cannstatt die Arbeiten für den zukünftig digitalen Zugbetrieb aus dem vergangenen Dezember fort. Zwischen Bad Cannstatt und Fellbach ist daher kein Zugverkehr möglich. Die S-Bahnen der Linie S2 fallen zwischen Bad Cannstatt und Waiblingen und die S-Bahnen der Linie S3 zwischen Bad Cannstatt und Fellbach aus. Als Ersatz fahren Busse der Linie S2E und S2X. Bitte beachten Sie hierzu die separaten Baustellenmeldungen auf unserer Betriebslage-Seite.</li><li>Von Samstag, 28. Februar, 1.30 Uhr bis Mittwoch, 11. März 2026, 1.30 Uhr, kommt es auch auf der Linie S1 zwischen Bad Cannstatt und Esslingen(N) zu Haltausfällen und Ersatzverkehr mit Bussen. Bitte beachten Sie hierzu die separaten Baustellenmeldungen auf unserer Betriebslage-Seite.</li></ul><p>Bitte berücksichtigen Sie diese Abweichungen bei Ihrer Reiseplanung und informieren Sie sich vorab über Ihre Reiseverbindungen. Um keine kurzfristigen Änderungen zu verpassen, informieren Sie sich bitte auch unmittelbar vor Fahrtantritt in den digitalen Reiseauskunftsmedien unter&nbsp;bahn.de&nbsp;oder in der App DB Navigator.</p>";RB 11;2026-03-02T05:45:00;2026-03-25T18:30:00;RisDisruptions;;Weiterführende Informationen;https://assets-ri.extranet.deutschebahn.com/regio_sbahn_stuttgart/2026-02-03/8769494a-6777-4c36-b1fc-75650b9fc4c2reisendenkarte_20260129-150605.png;isWeek;2;2026-02-08T16:34:07.354337;8005771, 8005775, 8005766, 8003411, 8005777;2026-02-08T17:39:08.637623
b4a79ce7-fe9c-48bd-a392-f30ea36d7f4a;Stuttgart Hbf <> Stuttgart-Vaihingen: Zugausfälle und Ersatzverkehr mit Bussen;In den Nächten 2./3. März, 3./4. März und 4./5. März 2026, jeweils zwischen 22.20 Uhr und 4.30 Uhr ist aufgrund von Instandhaltungsarbeiten auf der Stammstrecke kein Zugverkehr zwischen Stuttgart Hbf (tief) und Stuttgart-Vaihingen möglich. Es kommt zu folgenden Einschränkungen:;"<p><strong>Montag, 02.03., 22 Uhr, bis Dienstag, 03.03., 4.30 Uhr, und Dienstag, 03.03., 22 Uhr, bis Mittwoch, 04.03.2026, 4.30 Uhr&nbsp;</strong></p><ul><li>Die S-Bahnen der Linien S1 und S2 werden zwischen Stuttgart Hbf (oben) und Stuttgart-Vaihingen umgeleitet. Die Halte Stuttgart Hbf (tief), Stadtmitte, Feuersee, Schwabstraße, Universität und Österfeld fallen aus.</li><li>Die S-Bahnen der Linie S3 fallen zwischen Fellbach und Stuttgart-Vaihingen aus.</li><li>Die S-Bahnen der Linien S4 und S5 enden in Stuttgart Hbf (tief) und fallen zwischen Stuttgart Hbf (tief) und Schwabstraße aus.</li><li>Die S-Bahnen der Linie S6 wenden in Feuerbach (Gleis 1a) und fallen zwischen Feuerbach und Schwabstraße aus.</li><li>Als Ersatz fahren Busse (Linie SEV1) zwischen Stuttgart Hbf, Arnulf-Klett-Platz, Pos. 3. und Stuttgart-Vaihingen, ZOB, Bussteig 1.</li></ul><p><strong>Mittwoch, 04.03., 22 Uhr, bis Donnerstag, 05.03.2026, 4.30 Uhr</strong></p><ul><li>Die S-Bahnen der Linien S1 und S2 werden zwischen Stuttgart Hbf (oben) und Stuttgart-Vaihingen umgeleitet. Die Halte Stuttgart Hbf (tief), Stadtmitte, Feuersee, Schwabstraße, Universität und Österfeld fallen aus.</li><li>Die S-Bahnen der Linie S3 fallen zwischen Fellbach und Stuttgart-Vaihingen aus.</li><li>Die S-Bahnen der Linien S4 und S5 enden in Stuttgart Hbf (oben) und fallen zwischen Stuttgart Hbf (tief) und Schwabstraße aus.</li><li>Die S-Bahnen der Linie S6 fallen zwischen Feuerbach und Schwabstraße sowie zwischen Renningen und Weil der Stadt aus.</li><li>Als Ersatz fahren Busse (Linie SEV1) zwischen Stuttgart Hbf, Arnulf-Klett-Platz, Pos. 3. und Stuttgart-Vaihingen, ZOB, Bussteig 1.</li></ul><p><strong>Bitte beachten Sie:</strong></p><ul><li>Von Dienstag, 24. Februar, 1.30 Uhr, bis Mittwoch, 25. März 2026, 1.30 Uhr setzt die DB im Bereich von Stuttgart-Bad Cannstatt die Arbeiten für den zukünftig digitalen Zugbetrieb aus dem vergangenen Dezember fort. Zwischen Bad Cannstatt und Fellbach ist daher kein Zugverkehr möglich. Die S-Bahnen der Linie S2 fallen zwischen Bad Cannstatt und Waiblingen und die S-Bahnen der Linie S3 zwischen Bad Cannstatt und Fellbach aus. Als Ersatz fahren Busse der Linie S2E und S2x. Bitte beachten Sie hierzu die separaten Baustellenmeldungen auf unserer Betriebslage-Seite.</li><li>Von Samstag, 28. Februar, 1.30 Uhr bis Mittwoch, 11. März 2026, 1.30 Uhr kommt es auch auf der Linie S1 zwischen Bad Cannstatt und Esslingen(N) zu Haltausfällen und Ersatzverkehr mit Bussen. Bitte beachten Sie hierzu die separaten Baustellenmeldungen auf unserer Betriebslage-Seite.</li><li>In der Nacht 3./4. März 2026 kommt es auf der Linie S6 zu weiteren Einschränkungen zwischen Zuffenhausen und Renningen. Bitte beachten Sie hierzu die separaten Baustellenmeldungen auf unserer Betriebslage-Seite.</li></ul><p>Bitte berücksichtigen Sie diese Abweichungen bei Ihrer Reiseplanung und informieren Sie sich vorab über Ihre Reiseverbindungen. Um keine kurzfristigen Änderungen zu verpassen, informieren Sie sich bitte auch unmittelbar vor Fahrtantritt in den digitalen Reiseauskunftsmedien unter&nbsp;bahn.de&nbsp;oder in der App DB Navigator.</p>";S 1, S 2, S 3, S 4, S 5, S 6;2026-03-02T22:20:00;2026-03-04T04:30:00;RisDisruptions;;;https://assets-ri.extranet.deutschebahn.com/regio_sbahn_stuttgart/2026-02-04/5bd1115c-4163-4e15-a135-27dd851afdddreisendenkarte_20260129-153914.png;isInTimeInterval, isWeek;2;2026-02-08T16:34:07.354337;8006698, 8005779, 8005776, 8006700, 8006513, 8006699, 8098096;2026-02-08T17:39:08.637683
